-700 0.0016717910766601562
-200 0.0005033016204833984
-200 0.0002200603485107422
-200 0.00017023086547851562
-200 0.0001800060272216797
-200 0.00017976760864257812
-200 0.0001621246337890625
-200 0.0001595020294189453
-702 2.161630392074585
-703 0.01512289047241211
-705 0.015056371688842773
-196 0.0005269050598144531
-706 0.014813423156738281
-193 0.0005364418029785156
-708 0.028934478759765625
-189 0.00054931640625
-709 0.0004553794860839844
-185 0.0003705024719238281
-712 0.013763904571533203
-143 0.00045871734619140625
-716 0.014558792114257812
-112 0.0004813671112060547
-718 0.014495849609375
-100 0.0004417896270751953
-720 0.014626026153564453
-721 0.014933347702026367
-723 0.015030622482299805
-724 0.014954328536987305
-724 0.015042781829833984
-725 0.01496434211730957
-726 0.015060186386108398
-726 0.014984846115112305
-727 0.030016183853149414
-728 0.029924869537353516
-728 0.0450594425201416
-728 0.6149744987487793
-729 0.015035867691040039
-732 0.014925003051757812
-736 0.015075922012329102
-741 0.014965534210205078
-745 0.014998674392700195
-751 0.015027761459350586
-781 0.015028953552246094
-784 0.014920234680175781
-788 0.014997005462646484
-132 0.00047850608825683594
-792 0.014519929885864258
-133 0.0004756450653076172
-800 0.014566659927368164
-139 0.0004994869232177734
-144 0.014481782913208008
-174 0.014971256256103516
-175 0.015110969543457031
-178 0.014976739883422852
-181 0.015134334564208984
-185 0.014834880828857422
-189 0.015027046203613281
-200 0.015012741088867188
-227 0.05997610092163086
-228 0.014937400817871094
-232 0.015766143798828125
-236 0.01459646224975586
-240 0.014676809310913086
-271 0.014959096908569336
-271 0.014999151229858398
-274 0.015334844589233398
-277 0.01476144790649414
-279 0.014880657196044922
-282 0.015187978744506836
-285 0.014925241470336914
-288 0.0149993896484375
-290 0.015030145645141602
-797 0.01487588882446289
-293 0.0004687309265136719
-793 0.01454782485961914
-297 0.0004601478576660156
-788 0.01457524299621582
-300 0.00046825408935546875
-783 0.014540672302246094
-778 0.015040874481201172
-774 0.014927864074707031
-769 0.015010356903076172
-763 0.014981269836425781
-759 0.015001296997070312
-754 0.015272378921508789
-750 0.014778852462768555
-745 0.014963865280151367
-740 0.014987945556640625
-737 0.014967679977416992
-733 0.015028238296508789
-731 0.01499629020690918
-730 0.015006303787231445
-727 0.014963388442993164
-727 0.016031980514526367
-726 0.014199972152709961
-725 0.014823675155639648
-724 0.014948129653930664
-724 0.015018939971923828
-723 0.015015363693237305
-723 0.03002023696899414
-722 0.04497694969177246
-722 0.10503578186035156
-721 1.1399738788604736
-718 0.014993906021118164
-714 0.015376567840576172
-710 0.01465916633605957
-706 0.014980554580688477
-703 0.014958858489990234
-700 0.015035152435302734
-693 0.030093669891357422
-692 0.014905929565429688
-686 0.014989376068115234
-641 0.014999866485595703
-638 0.014981508255004883
-605 0.015050172805786133
-284 0.00041604042053222656
-603 0.014804363250732422
-280 0.0006422996520996094
-600 0.014157295227050781
-250 0.0005908012390136719
-250 0.014488935470581055
-246 0.014867305755615234
-243 0.015091419219970703
-239 0.014994382858276367
-235 0.014925956726074219
-231 0.015219926834106445
-228 0.01501774787902832
-225 0.01492452621459961
-223 0.014837265014648438
-222 0.015011072158813477
-219 0.014992713928222656
-219 0.015050411224365234
-218 0.015199661254882812
-217 0.014821052551269531
-216 0.014960289001464844
-215 0.015005350112915039
-215 0.014966011047363281
-214 0.014970064163208008
-214 0.030033111572265625
-213 0.03010725975036621
-212 0.0299222469329834
-212 0.04500269889831543
-212 0.2849080562591553
-211 0.17998743057250977
-210 0.04504561424255371
-205 0.015031576156616211
-200 0.015019893646240234
-195 0.030065059661865234
-152 0.014978647232055664
-149 0.014900684356689453
-120 0.015041828155517578
-633 0.015008687973022461
-119 0.0004532337188720703
-634 0.014554738998413086
-116 0.0004711151123046875
-636 0.014522790908813477
-113 0.0004985332489013672
-639 0.01474618911743164
-110 0.0006661415100097656
-642 0.015050649642944336
-107 0.0010654926300048828
-645 0.013552665710449219
-105 0.0015909671783447266
-648 0.012838602066040039
-102 0.0004420280456542969
-650 0.01453709602355957
-100 0.00045943260192871094
-653 0.014522314071655273
-100 0.000446319580078125
-655 0.014575719833374023
-658 0.014973163604736328
-660 0.015631437301635742
-661 0.014465093612670898
-663 0.014935970306396484
-664 0.015033245086669922
-667 0.014914274215698242
-669 0.015070438385009766
-672 0.014988899230957031
-674 0.017171621322631836
-676 0.012830257415771484
-679 0.015035152435302734
-680 0.014942169189453125
-682 0.015006303787231445
-683 0.015018939971923828
-685 0.015045166015625
-686 0.01494598388671875
-687 0.015115737915039062
-687 0.01573801040649414
-688 0.014149904251098633
-689 0.014963150024414062
-689 0.015005111694335938
-690 0.015035867691040039
-690 0.030026912689208984
-691 0.045026540756225586
-690 0.13496947288513184
-686 0.014985084533691406
-682 0.014984369277954102
-650 0.014961957931518555
-647 0.015027046203613281
-643 0.014978885650634766
-611 0.015351533889770508
-118 0.0006270408630371094
-610 0.014420509338378906
-121 0.000545501708984375
-605 0.014097452163696289
-126 0.0004439353942871094
-601 0.014612197875976562
-162 0.0005257129669189453
-600 0.014406442642211914
-163 0.015039920806884766
-163 0.01498866081237793
-164 0.015970230102539062
-166 0.01416158676147461
-167 0.014825820922851562
-169 0.014979839324951172
-172 0.01502680778503418
-175 0.015089035034179688
-179 0.01526021957397461
-183 0.014733552932739258
-188 0.017785310745239258
-193 0.01214146614074707
-198 0.015040159225463867
-200 0.014969348907470703
-201 0.10497903823852539
-229 0.015014171600341797
-231 0.014983177185058594
-235 0.015035390853881836
-267 0.015175342559814453
-270 0.014841318130493164
-273 0.014931201934814453
-278 0.015099525451660156
-282 0.015153169631958008
-602 0.014827728271484375
-285 0.00046753883361816406
-605 0.017708778381347656
-288 0.0008618831634521484
-607 0.011082649230957031
-291 0.0005719661712646484
-609 0.014287471771240234
-293 0.0005946159362792969
-611 0.014407634735107422
-295 0.0004889965057373047
-613 0.014517784118652344
-296 0.00046324729919433594
-614 0.014599800109863281
-299 0.0005331039428710938
-617 0.014374256134033203
-300 0.0004906654357910156
-618 0.014475584030151367
-620 0.01532888412475586
-621 0.014679431915283203
-624 0.015031099319458008
-625 0.01501154899597168
-628 0.01519775390625
-629 0.014836311340332031
-630 0.014927148818969727
-632 0.015011072158813477
-632 0.014966487884521484
-633 0.015028715133666992
-634 0.01510930061340332
-635 0.015202999114990234
-635 0.014704704284667969
-636 0.015024185180664062
-636 0.014998197555541992
-637 0.014949798583984375
-638 0.015033960342407227
-640 0.014991044998168945
-642 0.015372753143310547
-643 0.014648199081420898
-646 0.015419960021972656
-647 0.014665842056274414
-651 0.014908790588378906
-653 0.014985799789428711
-654 0.014994144439697266
-657 0.015005350112915039
-657 0.01610279083251953
-658 0.01438760757446289
-659 0.014475584030151367
-660 0.01502537727355957
-661 0.015001535415649414
-662 0.01503133773803711
-663 0.014973163604736328
-663 0.015265464782714844
-663 0.014796733856201172
-664 0.014923572540283203
-664 0.015003204345703125
-665 0.015011072158813477
-665 0.01499319076538086
-666 0.014982223510742188
-667 0.015054464340209961
-668 0.015032052993774414
-669 0.014940261840820312
-670 0.015011072158813477
-670 0.014989614486694336
-671 0.015006065368652344
-672 0.01497340202331543
-672 0.015182971954345703
-673 0.014844894409179688
-673 0.030035018920898438
-673 0.04502701759338379
-674 0.10498642921447754
-677 0.2698938846588135
-680 0.015053987503051758
-685 0.015083551406860352
-691 0.029936552047729492
-700 0.014989852905273438
-720 0.04500555992126465
-722 0.01496434211730957
-726 0.014992713928222656
-731 0.015081405639648438
-736 0.015177011489868164
-766 0.014753341674804688
-766 0.015526056289672852
-769 0.014588594436645508
-772 0.014920234680175781
-777 0.014987468719482422
-781 0.014984607696533203
-785 0.015026092529296875
-298 0.0004317760467529297
-788 0.01455545425415039
-294 0.0004444122314453125
-791 0.014809131622314453
-291 0.0005762577056884766
-794 0.014935016632080078
-288 0.0005946159362792969
-796 0.013599872589111328
-286 0.0004737377166748047
-797 0.014545202255249023
-285 0.0004894733428955078
-799 0.014518022537231445
-283 0.0004973411560058594
-799 0.014514446258544922
-282 0.00049591064453125
-800 0.014461517333984375
-282 0.00046443939208984375
-281 0.01468658447265625
-280 0.015228033065795898
-280 0.014647722244262695
-279 0.014965534210205078
-279 0.03012847900390625
-278 0.045133113861083984
-276 0.01479649543762207
-274 0.014985322952270508
-270 0.01495671272277832
-268 0.015043973922729492
-265 0.014998197555541992
-261 0.015388011932373047
-258 0.01462411880493164
-255 0.015000104904174805
-252 0.014982223510742188
-248 0.015018224716186523
-245 0.014990091323852539
-242 0.015012741088867188
-240 0.01499319076538086
-239 0.01520991325378418
-237 0.015055179595947266
-236 0.014805316925048828
-235 0.014979839324951172
-234 0.014944314956665039
-234 0.014955520629882812
-233 0.015070915222167969
-233 0.014983892440795898
-232 0.03019571304321289
-232 0.04478573799133301
-232 0.13499069213867188
-235 0.015073299407958984
-239 0.014940977096557617
-243 0.015014410018920898
-248 0.014949798583984375
-252 0.015070199966430664
-256 0.01510477066040039
-261 0.014914512634277344
-265 0.014914512634277344
-270 0.014947652816772461
-275 0.015010595321655273
-280 0.015279769897460938
-284 0.014743566513061523
-798 0.015070676803588867
-287 0.0006973743438720703
-797 0.01428675651550293
-290 0.0005030632019042969
-794 0.014513731002807617
-293 0.0005106925964355469
-792 0.01448965072631836
-296 0.0006163120269775391
-788 0.014386177062988281
-299 0.0004932880401611328
-783 0.014458179473876953
-300 0.0005834102630615234
-755 0.014372110366821289
-753 0.015565872192382812
-750 0.015065193176269531
-747 0.014387369155883789
-743 0.015132665634155273
-739 0.01483607292175293
-735 0.015037059783935547
-732 0.014971733093261719
-729 0.01500248908996582
-726 0.015197038650512695
-724 0.014937639236450195
-723 0.014892101287841797
-721 0.015163183212280273
-721 0.014865875244140625
-720 0.014962434768676758
-719 0.01610851287841797
-719 0.014043807983398438
-718 0.014901399612426758
-717 0.02994084358215332
-717 0.030035734176635742
-717 0.07497906684875488
-717 0.09109663963317871
-718 0.013948678970336914
-721 0.015008687973022461
-724 0.01561427116394043
-726 0.014325141906738281
-729 0.015096426010131836
-731 0.014903068542480469
-733 0.015002012252807617
-735 0.015035867691040039
-736 0.01498270034790039
-739 0.015022754669189453
-740 0.015015602111816406
-742 0.01495361328125
-743 0.015006303787231445
-746 0.014986753463745117
-747 0.015003681182861328
-749 0.014994621276855469
-750 0.014998435974121094
-752 0.01546335220336914
-753 0.014672517776489258
-754 0.015610694885253906
-755 0.014277219772338867
-756 0.014953374862670898
-757 0.015048503875732422
-758 0.014989137649536133
-758 0.015012502670288086
-759 0.015198945999145508
-759 0.02976083755493164
-760 0.029982328414916992
-760 0.06004071235656738
-757 0.3599259853363037
-728 0.030060291290283203
-723 0.000690460205078125
-700 0.014333486557006836
-662 0.014989852905273438
-629 0.015002727508544922
-624 0.014978408813476562
-600 0.015048503875732422
-268 0.0005848407745361328
-267 0.01439976692199707
-263 0.014961004257202148
-259 0.014979839324951172
-256 0.01507115364074707
-252 0.014964580535888672
-248 0.015043497085571289
-244 0.015424728393554688
-240 0.014643192291259766
-237 0.014881610870361328
-233 0.01502680778503418
-230 0.014989376068115234
-226 0.015057802200317383
-223 0.014933109283447266
-220 0.014978408813476562
-217 0.015260696411132812
-213 0.014754772186279297
-209 0.015019655227661133
-204 0.01497793197631836
-200 0.015637636184692383
-200 0.014424324035644531
-200 1.529890775680542
-201 0.015066385269165039
-201 0.014999628067016602
-202 0.014988899230957031
-203 0.014983892440795898
-203 0.015025854110717773
-204 0.030144453048706055
-204 0.0298616886138916
-205 0.06006503105163574
-206 0.1049344539642334
-208 0.01495981216430664
-213 0.015072107315063477
-240 0.016223669052124023
-241 0.013739347457885742
-246 0.015016794204711914
-274 0.015010356903076172
-276 0.014982461929321289
-278 0.015029191970825195
-279 0.015156030654907227
-284 0.015092134475708008
-602 0.014724254608154297
-287 0.0005085468292236328
-605 0.014473438262939453
-290 0.00048351287841796875
-608 0.014557361602783203
-293 0.0005640983581542969
-611 0.01442408561706543
-296 0.0004870891571044922
-614 0.01443624496459961
-298 0.00045418739318847656
-616 0.014570951461791992
-299 0.0004668235778808594
-617 0.01452779769897461
-300 0.0004749298095703125
-619 0.014595508575439453
-620 0.014992952346801758
-621 0.016097545623779297
-622 0.014054298400878906
-623 0.01482248306274414
-623 0.015452146530151367
-624 0.014578580856323242
-624 0.02999567985534668
-625 0.03007030487060547
-625 0.07496023178100586
-625 0.6448607444763184
-626 0.015063047409057617
-272 0.0005176067352294922
-663 0.014478206634521484
-269 0.0004687309265136719
-668 0.014539480209350586
-264 0.0004527568817138672
-700 0.014561176300048828
-200 0.00046539306640625
-700 1.5443987846374512
-700 0.0451204776763916
-700 0.04505133628845215
-701 0.06005692481994629
-701 0.05990409851074219
-702 0.02999091148376465
-702 0.015215635299682617
-703 0.014859914779663086
-703 0.01516103744506836
-704 0.015312433242797852
-705 0.014506340026855469
-709 0.014998674392700195
-739 0.014992713928222656
-742 0.015122413635253906
-772 0.01486825942993164
-776 0.01499319076538086
-199 0.00048160552978515625
-800 0.0145416259765625
-196 0.0005023479461669922
-194 0.014435768127441406
-191 0.01501011848449707
-189 0.015039443969726562
-188 0.015332937240600586
-186 0.014646768569946289
-186 0.014986991882324219
-185 0.01503753662109375
-184 0.014969110488891602
-183 0.014960289001464844
-183 0.015000581741333008
-182 0.015001296997070312
-182 0.015349149703979492
-181 0.014720678329467773
-181 0.014931678771972656
-180 0.014999151229858398
-180 0.015051841735839844
-179 0.014969348907470703
-179 0.014999628067016602
-178 0.030362606048583984
-178 0.029616832733154297
-177 0.06004762649536133
-174 0.2999303340911865
-171 0.015059232711791992
-141 0.014995098114013672
-141 0.029981374740600586
-141 0.01503610610961914
-140 0.030040979385375977
-140 0.029949188232421875
-144 0.015017271041870117
-147 0.014943599700927734
-149 0.015022039413452148
-152 0.015001773834228516
-153 0.015133380889892578
-155 0.014939308166503906
-156 0.014935731887817383
-156 0.014971256256103516
-157 0.01501917839050293
-158 0.015034914016723633
-158 0.015179157257080078
-159 0.014892339706420898
-159 0.029906749725341797
-160 0.0450596809387207
-160 0.269911527633667
-157 0.015041589736938477
-153 0.015020370483398438
-150 0.014938592910766602
-147 0.014989376068115234
-143 0.015030860900878906
-114 0.01583242416381836
-798 0.04416322708129883
-113 0.0005273818969726562
-794 0.014461040496826172
-109 0.0004725456237792969
-789 0.01456451416015625
-107 0.00047898292541503906
-785 0.014474868774414062
-106 0.00047588348388671875
-782 0.014748096466064453
-103 0.0006392002105712891
-780 0.01428675651550293
-103 0.0005555152893066406
-778 0.014362573623657227
-102 0.0005199909210205078
-777 0.01444554328918457
-101 0.0004999637603759766
-774 0.014499425888061523
-100 0.0005023479461669922
-774 0.01451873779296875
-100 0.0004940032958984375
-773 0.01443338394165039
-773 0.01500701904296875
-100 0.00047326087951660156
-773 0.02959156036376953
-777 0.014974355697631836
-102 0.0005087852478027344
-800 0.014882564544677734
-133 0.002268552780151367
-138 0.01260232925415039
-200 0.014748573303222656
-233 0.01496267318725586
-288 0.014986515045166016
-768 0.015017509460449219
-300 0.0004851818084716797
-765 0.014550447463989258
-763 0.015015125274658203
-760 0.01505136489868164
-759 0.01592111587524414
-757 0.014037609100341797
-757 0.014972448348999023
-756 0.01499629020690918
-755 0.014975309371948242
-753 0.01503443717956543
-751 0.01497960090637207
-748 0.015216827392578125
-746 0.014813423156738281
-743 0.014977216720581055
-741 0.015034198760986328
-740 0.01498866081237793
-738 0.015005350112915039
-737 0.01505899429321289
-736 0.015006303787231445
-735 0.014894723892211914
-735 0.014986991882324219
-734 0.015025854110717773
-733 0.014977216720581055
-733 0.014986276626586914
-733 0.015903234481811523
-732 0.014163732528686523
-731 0.015000104904174805
-731 0.014960050582885742
-730 0.01499032974243164
-730 0.015048742294311523
-729 0.01496124267578125
-729 0.015021800994873047
-728 0.03000926971435547
-728 0.04498410224914551
-727 0.0899810791015625
-728 0.2699298858642578
-728 0.015096187591552734
-729 0.014994382858276367
-730 0.014970779418945312
-730 0.015025854110717773
-731 0.030005693435668945
-731 0.030017852783203125
-732 0.04500889778137207
-732 0.1349503993988037
-731 0.21003103256225586
-727 0.014988899230957031
-700 0.014974355697631836
-689 0.015049457550048828
-645 0.014919042587280273
-618 0.015039682388305664
-616 0.015146255493164062
-297 0.0009710788726806641
-611 0.014140844345092773
-292 0.0006639957427978516
-607 0.014092206954956055
-263 0.0004696846008300781
-603 0.014522314071655273
-261 0.0004668235778808594
-600 0.014957904815673828
-258 0.0005676746368408203
-254 0.014049053192138672
-250 0.015019416809082031
-245 0.01501607894897461
-241 0.014959096908569336
-238 0.014983892440795898
-235 0.014959096908569336
-233 0.01500082015991211
-232 0.015022516250610352
-229 0.01502847671508789
-229 0.016136884689331055
-228 0.01391458511352539
-227 0.014913558959960938
-227 0.015077590942382812
-226 0.014917135238647461
-226 0.029996156692504883
-225 0.03006458282470703
-225 0.04501080513000488
-224 0.029921531677246094
-224 0.045043230056762695
-223 0.04497504234313965
-223 0.045018672943115234
-223 0.015009164810180664
-222 0.014961719512939453
-221 0.01499319076538086
-220 0.015015363693237305
-219 0.015013933181762695
-218 0.015037775039672852
-217 0.016352415084838867
-216 0.013822555541992188
-216 0.014801263809204102
-215 0.014974594116210938
-214 0.014980077743530273
-214 0.015045404434204102
-213 0.0151519775390625
-213 0.01483297348022461
-212 0.029969215393066406
-212 0.04499053955078125
-212 0.09036850929260254
-208 0.6896920204162598
-200 0.014972209930419922
-174 0.029986858367919922
-171 0.015007495880126953
-141 0.01499319076538086
-140 0.015026092529296875
-137 0.01498866081237793
-133 0.014976739883422852
-130 0.01498866081237793
-601 0.015034675598144531
-127 0.00047016143798828125
-604 0.014482259750366211
-124 0.00043392181396484375
-607 0.014597892761230469
-122 0.00047969818115234375
-610 0.014537334442138672
-119 0.00048804283142089844
-613 0.014562845230102539
-116 0.0006277561187744141
-616 0.0143280029296875
-113 0.0005452632904052734
-618 0.014386415481567383
-111 0.0004296302795410156
-619 0.014607667922973633
-110 0.00047588348388671875
-621 0.01456308364868164
-108 0.0004761219024658203
-622 0.014470577239990234
-107 0.0004382133483886719
-622 0.014696359634399414
-107 0.0005130767822265625
-623 0.014455080032348633
-106 0.0005080699920654297
-624 0.014400482177734375
-105 0.00045609474182128906
-625 0.014543294906616211
-104 0.00046753883361816406
-625 0.014536857604980469
-104 0.0004723072052001953
-626 0.014527082443237305
-103 0.0004820823669433594
-627 0.014538288116455078
-102 0.000469207763671875
-627 0.015450239181518555
-102 0.014152050018310547
-628 0.014914274215698242
-102 0.015023946762084961
-628 0.014961719512939453
-628 0.045186519622802734
-101 0.0006060600280761719
-629 0.1342623233795166
-101 0.014990806579589844
-630 0.03000807762145996
-630 0.015086889266967773
-100 0.0005638599395751953
-631 0.014280080795288086
-631 0.015023946762084961
-100 0.0004436969757080078
-632 0.014578580856323242
-632 0.014981508255004883
-633 0.015107393264770508
-634 0.014866113662719727
-634 0.015018939971923828
-635 0.014961481094360352
-636 0.015068531036376953
-636 0.014986515045166016
-637 0.015016317367553711
-639 0.015020608901977539
-640 0.01496577262878418
-645 0.014991044998168945
-673 0.014990568161010742
-700 0.014983892440795898
-709 0.015010356903076172
-766 0.01500082015991211
-800 0.015059709548950195
-127 0.0005221366882324219
-129 0.015437126159667969
-134 0.013978719711303711
-164 0.015047550201416016
-166 0.014972209930419922
-169 0.015018224716186523
-172 0.01498270034790039
-175 0.016130685806274414
-179 0.014013051986694336
-182 0.014852285385131836
-184 0.014960289001464844
-185 0.015046358108520508
-188 0.015006065368652344
-188 0.014988899230957031
-189 0.015332937240600586
-190 0.014659404754638672
-190 0.015027284622192383
-191 0.029986143112182617
-189 0.08999991416931152
-186 0.014992713928222656
-182 0.014983177185058594
-177 0.015146255493164062
-143 0.015048742294311523
-143 0.014845132827758789
-142 0.015008211135864258
-140 0.014980792999267578
-139 0.015062570571899414
-138 0.014925241470336914
-137 0.015015125274658203
-136 0.014948129653930664
-136 0.015057086944580078
-135 0.015001296997070312
-135 0.01500248908996582
-134 0.029984474182128906
-134 0.029985666275024414
-133 0.03004622459411621
-132 0.015323877334594727
-130 0.014680624008178711
-128 0.014921903610229492
-125 0.015024185180664062
-124 0.015038013458251953
-122 0.01496267318725586
-121 0.014993906021118164
-120 0.015188932418823242
-799 0.01493215560913086
-119 0.0005350112915039062
-798 0.014371633529663086
-118 0.0004830360412597656
-798 0.014468193054199219
-117 0.0004734992980957031
-116 0.014568805694580078
-797 0.014971494674682617
-116 0.00048804283142089844
-797 0.02953052520751953
-116 0.0004875659942626953
-115 0.044516563415527344
-796 0.014988183975219727
-115 0.4349803924560547
-797 0.015044689178466797
-117 0.0004818439483642578
-797 0.014469385147094727
-118 0.0004260540008544922
-798 0.014603853225708008
-121 0.00045871734619140625
-799 0.014559745788574219
-122 0.00047659873962402344
-799 0.014521121978759766
-123 0.0004634857177734375
-800 0.014627933502197266
-124 0.0005235671997070312
-125 0.014382123947143555
-125 0.015005111694335938
-126 0.015208005905151367
-126 0.0147552490234375
-127 0.030040264129638672
-127 0.04502701759338379
-128 0.09002280235290527
-127 0.25510597229003906
-127 0.07484126091003418
-126 0.015009403228759766
-798 0.015377283096313477
-123 0.0006422996520996094
-763 0.014041662216186523
-118 0.0005404949188232422
-728 0.014441728591918945
-113 0.0005049705505371094
-700 0.014440536499023438
-100 0.00044035911560058594
-668 0.014581918716430664
-641 0.014969110488891602
-637 0.014998674392700195
-607 0.015383243560791016
-119 0.0005939006805419922
-607 0.014099836349487305
-120 0.0004436969757080078
-604 0.014494895935058594
-124 0.0004830360412597656
-603 0.01447439193725586
-126 0.0004456043243408203
-600 0.014591217041015625
-128 0.00046753883361816406
-600 0.01452326774597168
-129 0.0004570484161376953
-600 0.014520406723022461
-132 0.000431060791015625
-134 0.015842199325561523
-137 0.013752222061157227
-141 0.015029191970825195
-146 0.014972209930419922
-150 0.015041112899780273
-153 0.01498103141784668
-155 0.015015840530395508
-157 0.014992713928222656
-158 0.014994621276855469
-160 0.014984130859375
-161 0.01498103141784668
-162 0.015039205551147461
-162 0.014966726303100586
-163 0.015126466751098633
-164 0.015048027038574219
-167 0.014818429946899414
-168 0.01502084732055664
-171 0.014987468719482422
-173 0.014991998672485352
-175 0.014994621276855469
-176 0.015765905380249023
-179 0.014260292053222656
-179 0.014984846115112305
-180 0.014980554580688477
-181 0.015020370483398438
-181 0.014988183975219727
-182 0.015012502670288086
-182 0.03003692626953125
-183 0.03004741668701172
-183 0.044925689697265625
-183 0.13501524925231934
-183 0.15014958381652832
-182 0.014831781387329102
-182 0.014947891235351562
-179 0.015028238296508789
-176 0.015009641647338867
-148 0.015014171600341797
-147 0.014985322952270508
-142 0.015053272247314453
-138 0.014944314956665039
-133 0.015028238296508789
-626 0.014937877655029297
-103 0.0004525184631347656
-626 0.014563798904418945
-627 0.015011310577392578
-102 0.0004506111145019531
-630 0.014734983444213867
-101 0.0006146430969238281
-631 0.014230966567993164
-101 0.0005137920379638672
-634 0.014523983001708984
-100 0.0006849765777587891
-636 0.014262676239013672
-100 0.0004909038543701172
-639 0.014516830444335938
-642 0.015019893646240234
-646 0.01495361328125
-649 0.01508641242980957
-652 0.014986515045166016
-656 0.01493072509765625
-660 0.014991283416748047
-665 0.015002012252807617
-670 0.015049934387207031
-674 0.014956235885620117
-677 0.015104532241821289
-680 0.01492929458618164
-682 0.01499032974243164
-683 0.014976024627685547
-685 0.015012264251708984
-686 0.014987468719482422
-687 0.015013694763183594
-687 0.015110254287719727
-688 0.01522970199584961
-691 0.01463937759399414
-694 0.015037059783935547
-697 0.014989137649536133
-700 0.014997005462646484
-701 0.014999151229858398
-702 0.015090465545654297
-706 0.014936208724975586
-711 0.014971494674682617
-748 0.014998197555541992
-751 0.015016317367553711
-756 0.014972925186157227
-788 0.014995336532592773
-790 0.015058755874633789
-794 0.014980316162109375
-131 0.0004761219024658203
-797 0.01448369026184082
-132 0.00045871734619140625
-800 0.01454472541809082
-134 0.00044155120849609375
-134 0.00044155120849609375
-134 0.00044155120849609375
-137 0.014850378036499023
-141 0.014725923538208008
-145 0.015006780624389648
-149 0.014992952346801758
-152 0.015006303787231445
-155 0.015000104904174805
-158 0.015001058578491211
-161 0.016375064849853516
-164 0.01360321044921875
-167 0.015003442764282227
-170 0.014999866485595703
-173 0.014983654022216797
-176 0.014993906021118164
-179 0.015027523040771484
-182 0.015126705169677734
-770 0.014855146408081055
-182 0.0004849433898925781
-741 0.014515399932861328
-736 0.01503133773803711
-182 0.0004763603210449219
-700 0.01451563835144043
-181 0.00048089027404785156
-179 0.014518499374389648
-179 0.015010595321655273
-178 0.015083551406860352
-178 0.029887676239013672
-183 0.01498103141784668
-200 0.015021800994873047
