-700 0.0018258094787597656
-200 0.0005190372467041016
-200 0.00023174285888671875
-200 0.00019240379333496094
-200 0.00016617774963378906
-200 0.0001785755157470703
-200 0.00020122528076171875
-200 0.0001742839813232422
-700 5.119236469268799
-701 0.030422687530517578
-701 0.029672622680664062
-701 0.06008601188659668
-702 0.8698091506958008
-703 0.015143871307373047
-704 0.01494908332824707
-707 0.014976024627685547
-711 0.015001773834228516
-173 0.0004715919494628906
-741 0.014631509780883789
-170 0.0005123615264892578
-745 0.014470100402832031
-138 0.0005884170532226562
-789 0.014326333999633789
-133 0.0005283355712890625
-789 0.014697790145874023
-129 0.00045299530029296875
-789 0.014302730560302734
-126 0.0005135536193847656
-124 0.014488697052001953
-790 0.015004634857177734
-123 0.0004799365997314453
-120 0.014605522155761719
-120 0.014966487884521484
-790 0.015083074569702148
-119 0.0005922317504882812
-118 0.014283418655395508
-117 0.014991283416748047
-117 0.015009880065917969
-116 0.01500391960144043
-116 0.014965057373046875
-115 0.030503034591674805
-115 0.029537677764892578
-114 0.015024900436401367
-113 0.015036821365356445
-112 0.014935970306396484
-790 0.01513814926147461
-110 0.0008585453033447266
-790 0.014067888259887695
-109 0.0005292892456054688
-789 0.014454841613769531
-108 0.0004444122314453125
-788 0.014487028121948242
-106 0.00044989585876464844
-788 0.014525413513183594
-106 0.0004642009735107422
-787 0.014558553695678711
-105 0.0004487037658691406
-786 0.014601469039916992
-104 0.00044083595275878906
-786 0.014653921127319336
-103 0.0013763904571533203
-785 0.013522148132324219
-103 0.0005834102630615234
-785 0.029510498046875
-102 0.0004923343658447266
-103 0.02943134307861328
-105 0.014986276626586914
-106 0.015053987503051758
-785 0.014954328536987305
-108 0.00047707557678222656
-786 0.01453852653503418
-109 0.00046443939208984375
-786 0.014558076858520508
-110 0.0005304813385009766
-787 0.014401435852050781
-111 0.0005590915679931641
-787 0.014450788497924805
-111 0.0004627704620361328
-788 0.014536619186401367
-112 0.0004923343658447266
-788 0.014530420303344727
-112 0.0004622936248779297
-789 0.029459714889526367
-113 0.00045299530029296875
-790 0.01469874382019043
-792 0.014944314956665039
-115 0.00058746337890625
-793 0.014404296875
-118 0.0004458427429199219
-796 0.01453256607055664
-121 0.0004875659942626953
-797 0.014536857604980469
-123 0.0004878044128417969
-799 0.014497518539428711
-124 0.0004858970642089844
-800 0.014556646347045898
-127 0.0004839897155761719
-127 0.014542102813720703
-128 0.015225887298583984
-129 0.014713287353515625
-129 0.014973878860473633
-130 0.014981269836425781
-130 0.015015602111816406
-131 0.03009176254272461
-131 0.029896259307861328
-132 0.04495072364807129
-132 0.060063838958740234
-133 0.03000950813293457
-133 0.015057802200317383
-134 0.015084266662597656
-134 0.014853715896606445
-135 0.015015363693237305
-136 0.015002965927124023
-136 0.014961957931518555
-136 0.015026569366455078
-137 0.03014230728149414
-138 0.02988290786743164
-138 0.059952497482299805
-139 0.0900723934173584
-142 0.014957904815673828
-147 0.014996767044067383
-182 0.014930963516235352
-186 0.015179872512817383
-200 0.015184164047241211
-238 0.014670610427856445
-272 0.015017271041870117
-276 0.015032768249511719
-281 0.014959096908569336
-285 0.01498103141784668
-289 0.015085220336914062
-797 0.015022993087768555
-293 0.0005114078521728516
-794 0.014528036117553711
-296 0.0006282329559326172
-791 0.014264583587646484
-299 0.0004584789276123047
-789 0.014510869979858398
-300 0.00043272972106933594
-784 0.014658689498901367
-781 0.014926671981811523
-776 0.01536250114440918
-772 0.014647245407104492
-768 0.014997005462646484
-766 0.014944314956665039
-763 0.015051603317260742
-762 0.014967918395996094
-760 0.015083789825439453
-759 0.014952421188354492
-758 0.014971017837524414
-757 0.014977693557739258
-757 0.015051603317260742
-756 0.01496434211730957
-755 0.015025615692138672
-755 0.015160799026489258
-754 0.014944791793823242
-753 0.029866695404052734
-753 0.03008580207824707
-753 0.04500269889831543
-752 0.16494107246398926
-752 0.2099895477294922
-751 0.015035629272460938
-750 0.014969110488891602
-750 0.014997482299804688
-749 0.015049219131469727
-749 0.01497197151184082
-748 0.02998518943786621
-748 0.0299527645111084
-747 0.04512453079223633
-747 0.04492831230163574
-746 0.030015230178833008
-745 0.030289888381958008
-745 0.029665231704711914
-745 0.04510498046875
-744 0.030000686645507812
-743 0.030046939849853516
-743 0.029863834381103516
-742 0.030098915100097656
-742 0.044983625411987305
-741 0.10500502586364746
-740 0.0749516487121582
-738 0.014987945556640625
-734 0.015116453170776367
-700 0.014853239059448242
-670 0.030054807662963867
-641 0.014933347702026367
-636 0.014988899230957031
-605 0.015175104141235352
-603 0.01522207260131836
-267 0.0005552768707275391
-600 0.014052152633666992
-264 0.0004906654357910156
-259 0.014510869979858398
-229 0.015014171600341797
-229 0.015039682388305664
-225 0.0149993896484375
-223 0.01495671272277832
-220 0.0150909423828125
-218 0.014944314956665039
-217 0.014947891235351562
-214 0.014995336532592773
-211 0.015038251876831055
-208 0.015033483505249023
-204 0.015002727508544922
-200 0.01504969596862793
-200 0.015105724334716797
-199 0.9597682952880859
-194 0.015104293823242188
-140 0.014958381652832031
-136 0.015000104904174805
-633 0.015017986297607422
-100 0.0004885196685791016
-636 0.014498710632324219
-100 0.0005047321319580078
-666 0.014765262603759766
-666 0.014715909957885742
-669 0.014989852905273438
-672 0.01503753662109375
-675 0.015001296997070312
-678 0.01494598388671875
-680 0.015221357345581055
-682 0.014822959899902344
-685 0.014986038208007812
-688 0.01495671272277832
-691 0.015002965927124023
-694 0.015018701553344727
-697 0.014974355697631836
-698 0.015058755874633789
-700 0.014961957931518555
-701 0.21062827110290527
-702 0.014407634735107422
-703 0.014978885650634766
-703 0.01499795913696289
-704 0.01497650146484375
-705 0.015003681182861328
-705 0.014980554580688477
-706 0.030269861221313477
-705 0.029883384704589844
-700 0.014923334121704102
-700 0.01506662368774414
-696 0.029883623123168945
-695 0.015084028244018555
-690 0.014947891235351562
-662 0.014946460723876953
-660 0.015025138854980469
-656 0.014991521835327148
-651 0.014976263046264648
-620 0.015074014663696289
-619 0.015009880065917969
-616 0.015019416809082031
-127 0.0005805492401123047
-612 0.014396190643310547
-128 0.0004892349243164062
-608 0.014497995376586914
-131 0.0004756450653076172
-605 0.014504671096801758
-132 0.00043892860412597656
-603 0.014556884765625
-135 0.00045943260192871094
-601 0.014675140380859375
-137 0.0005474090576171875
-600 0.014309406280517578
-140 0.00047469139099121094
-600 0.014566659927368164
-143 0.00057220458984375
-146 0.014475822448730469
-149 0.014946699142456055
-152 0.01495504379272461
-154 0.015093803405761719
-155 0.014958620071411133
-157 0.014939069747924805
-158 0.015024423599243164
-159 0.01513671875
-159 0.015103340148925781
-160 0.014736175537109375
-161 0.014966487884521484
-162 0.015121698379516602
-162 0.01499176025390625
-162 0.030001163482666016
-163 0.04500126838684082
-163 0.07491874694824219
-164 0.43505358695983887
-167 0.01502680778503418
-200 0.014936447143554688
-205 0.015001535415649414
-241 0.015018224716186523
-269 0.015013694763183594
-273 0.015132904052734375
-277 0.014966249465942383
-603 0.01483917236328125
-283 0.0004448890686035156
-607 0.014569759368896484
-288 0.0004343986511230469
-611 0.014548301696777344
-292 0.0004608631134033203
-616 0.014548063278198242
-296 0.00042510032653808594
-620 0.01461482048034668
-300 0.0004904270172119141
-624 0.014566898345947266
-627 0.014911651611328125
-629 0.01501607894897461
-630 0.01497340202331543
-632 0.015007495880126953
-633 0.014999151229858398
-634 0.015043258666992188
-635 0.015111684799194336
-635 0.014947891235351562
-636 0.014940261840820312
-637 0.03000617027282715
-637 0.02997112274169922
-637 0.04507303237915039
-638 0.22490477561950684
-639 0.26999998092651367
-639 0.015048027038574219
-640 0.014942407608032227
-642 0.015048503875732422
-643 0.014979124069213867
-644 0.015020608901977539
-646 0.015158891677856445
-647 0.014959573745727539
-647 0.014956235885620117
-648 0.014891862869262695
-649 0.015015840530395508
-649 0.01501774787902832
-650 0.014960765838623047
-650 0.03000330924987793
-651 0.04501819610595703
-651 0.0900428295135498
-655 0.10500669479370117
-657 0.015012979507446289
-660 0.014935016632080078
-664 0.015005826950073242
-669 0.015016317367553711
-700 0.015006303787231445
-701 0.10498881340026855
-706 0.015139102935791016
-733 0.014842748641967773
-733 0.01500082015991211
-734 0.014990568161010742
-737 0.015016317367553711
-739 0.015055179595947266
-741 0.014974594116210938
-744 0.014989376068115234
-746 0.014989137649536133
-749 0.014956951141357422
-752 0.015001296997070312
-754 0.015025854110717773
-755 0.015021800994873047
-758 0.015242815017700195
-758 0.014787435531616211
-759 0.015063285827636719
-760 0.014906883239746094
-761 0.014986991882324219
-762 0.015009880065917969
-763 0.01498866081237793
-764 0.015091657638549805
-766 0.01496267318725586
-767 0.014945745468139648
-767 0.014990568161010742
-768 0.015039920806884766
-769 0.015041112899780273
-770 0.014943838119506836
-770 0.014998197555541992
-771 0.01504826545715332
-771 0.014936447143554688
-772 0.014987468719482422
-773 0.015012264251708984
-774 0.01507425308227539
-775 0.015065908432006836
-777 0.014899969100952148
-779 0.015463113784790039
-782 0.014508962631225586
-786 0.015000581741333008
-297 0.0005133152008056641
-789 0.014440059661865234
-295 0.00046062469482421875
-792 0.014568090438842773
-291 0.0004763603210449219
-795 0.0149078369140625
-288 0.0008425712585449219
-798 0.0137939453125
-285 0.0005395412445068359
-800 0.014920711517333984
-282 0.0006816387176513672
-281 0.013905525207519531
-278 0.015026330947875977
-278 0.014954090118408203
-277 0.014943838119506836
-276 0.01498866081237793
-275 0.015076160430908203
-275 0.014954090118408203
-274 0.015181303024291992
-274 0.03012371063232422
-273 0.044684648513793945
-273 0.105010986328125
-272 0.015186309814453125
-271 0.014945030212402344
-270 0.014972209930419922
-267 0.014914751052856445
-266 0.014982938766479492
-263 0.015020608901977539
-260 0.014963865280151367
-257 0.015030384063720703
-256 0.015046358108520508
-253 0.015198469161987305
-253 0.014735698699951172
-252 0.015021085739135742
-251 0.014951229095458984
-254 0.04506850242614746
-257 0.014943122863769531
-260 0.015039443969726562
-262 0.014987945556640625
-265 0.015016555786132812
-268 0.014968395233154297
-271 0.01553487777709961
-274 0.014561891555786133
-276 0.014904499053955078
-279 0.015008687973022461
-281 0.015018939971923828
-283 0.014961004257202148
-286 0.015014410018920898
-288 0.015167474746704102
-799 0.01484370231628418
-290 0.0004668235778808594
-798 0.014583349227905273
-292 0.0006787776947021484
-796 0.014235734939575195
-293 0.0004458427429199219
-795 0.014548540115356445
-296 0.00045609474182128906
-791 0.014591693878173828
-299 0.0004925727844238281
-789 0.014490127563476562
-300 0.00046324729919433594
-786 0.014589548110961914
-783 0.014971733093261719
-779 0.01507568359375
-776 0.014922618865966797
-773 0.014974594116210938
-770 0.015122413635253906
-768 0.014900445938110352
-765 0.01496124267578125
-761 0.015033483505249023
-757 0.015011787414550781
-752 0.01502537727355957
-719 0.014986038208007812
-716 0.014978170394897461
-711 0.014986515045166016
-707 0.015033960342407227
-703 0.0149383544921875
-700 0.015128135681152344
-700 0.014885663986206055
-699 0.13510370254516602
-697 0.014947175979614258
-696 0.014972925186157227
-696 0.014995813369750977
-695 0.015071868896484375
-694 0.014925003051757812
-694 0.015000104904174805
-693 0.030074357986450195
-693 0.04515957832336426
-696 0.04476022720336914
-699 0.015012979507446289
-700 0.015078067779541016
-700 0.16495704650878906
-703 0.015039920806884766
-706 0.014971256256103516
-709 0.014966964721679688
-712 0.014986753463745117
-715 0.015040397644042969
-719 0.014976978302001953
-722 0.01498866081237793
-725 0.01529383659362793
-728 0.01475834846496582
-731 0.014947891235351562
-734 0.014999866485595703
-737 0.015007495880126953
-741 0.015048980712890625
-744 0.014992475509643555
-746 0.014987945556640625
-749 0.014984607696533203
-752 0.015021085739135742
-754 0.01494598388671875
-755 0.01502084732055664
-757 0.014993667602539062
-758 0.015289068222045898
-758 0.01494455337524414
-759 0.01476144790649414
-760 0.015109777450561523
-761 0.014956474304199219
-761 0.014917612075805664
-762 0.014996528625488281
-763 0.015170574188232422
-764 0.014858245849609375
-765 0.01497650146484375
-765 0.014981508255004883
-766 0.015018701553344727
-767 0.015052080154418945
-767 0.015776395797729492
-768 0.014179706573486328
-768 0.030036449432373047
-769 0.030022144317626953
-769 0.03154110908508301
-770 0.04349374771118164
-770 0.10503315925598145
-770 0.2847740650177002
-736 0.015129327774047852
-258 0.0004734992980957031
-733 0.014510631561279297
-229 0.000431060791015625
-728 0.014585018157958984
-225 0.0004601478576660156
-700 0.014534950256347656
-200 0.00046253204345703125
-692 0.7795541286468506
-687 0.014997005462646484
-639 0.014986038208007812
-634 0.015039682388305664
-600 0.014954328536987305
-199 0.1649932861328125
-199 0.0300295352935791
-198 0.060011863708496094
-199 0.0749819278717041
-199 0.015155553817749023
-199 0.015200614929199219
-200 0.029669523239135742
-199 0.1799330711364746
-199 0.04505801200866699
-198 0.09003877639770508
-198 0.32983922958374023
-199 0.015128135681152344
-199 0.014994382858276367
-200 0.014987468719482422
-200 0.4049050807952881
-203 0.015110015869140625
-207 0.014986753463745117
-211 0.014998674392700195
-215 0.01503443717956543
-219 0.014969110488891602
-223 0.015026569366455078
-226 0.015009403228759766
-229 0.015015840530395508
-233 0.014957904815673828
-237 0.015004396438598633
-241 0.014911890029907227
-246 0.01587057113647461
-250 0.014220714569091797
-253 0.015119075775146484
-256 0.014896869659423828
-259 0.015017032623291016
-263 0.014880895614624023
-267 0.015088319778442383
-271 0.01490330696105957
-274 0.015126228332519531
-277 0.014976739883422852
-279 0.01503896713256836
-280 0.0149993896484375
-600 0.014948129653930664
-282 0.0004878044128417969
-601 0.014437675476074219
-283 0.0004940032958984375
-602 0.014578819274902344
-284 0.0004646778106689453
-603 0.014548540115356445
-285 0.0005083084106445312
-604 0.014536380767822266
-285 0.0005691051483154297
-604 0.014379501342773438
-286 0.0004961490631103516
-287 0.014497756958007812
-605 0.014916181564331055
-288 0.00044417381286621094
-288 0.01467442512512207
-606 0.01497030258178711
-289 0.0005047321319580078
-606 0.01448822021484375
-290 0.0005095005035400391
-607 0.014709711074829102
-291 0.0006489753723144531
-607 0.014168024063110352
-293 0.0006730556488037109
-608 0.014285087585449219
-293 0.0005030632019042969
-608 0.014497518539428711
-294 0.0004982948303222656
-609 0.014501094818115234
-294 0.0005640983581542969
-609 0.014452695846557617
-295 0.00046515464782714844
-295 0.014568090438842773
-610 0.014932870864868164
-296 0.0005006790161132812
-610 0.029524803161621094
-296 0.000469207763671875
-611 0.0294497013092041
-297 0.0008883476257324219
-611 0.029248476028442383
-298 0.00048661231994628906
-612 0.029388427734375
-298 0.00047087669372558594
-612 0.044646501541137695
-298 0.014975786209106445
-613 0.04498720169067383
-299 0.00045943260192871094
-299 0.014536619186401367
-613 0.014914989471435547
-300 0.0004677772521972656
-614 0.029636383056640625
-615 0.029900789260864258
-615 0.015028953552246094
-616 0.014978647232055664
-617 0.01513528823852539
-617 0.015016317367553711
-618 0.014864683151245117
-623 0.01506185531616211
-627 0.015021800994873047
-655 0.014896154403686523
-659 0.015024423599243164
-700 0.014982938766479492
-704 0.030008554458618164
-705 0.015151500701904297
-710 0.01493525505065918
-715 0.014986038208007812
-720 0.014997720718383789
-725 0.015009641647338867
-730 0.014992237091064453
-735 0.014905691146850586
-739 0.015137195587158203
-742 0.015096426010131836
-745 0.014892816543579102
-748 0.014960050582885742
-751 0.014922618865966797
-753 0.015112876892089844
-755 0.014970541000366211
-756 0.015124082565307617
-759 0.014869928359985352
-760 0.014985322952270508
-763 0.014983654022216797
-763 0.014983177185058594
-764 0.015001773834228516
-765 0.015257596969604492
-766 0.014811038970947266
-767 0.014981508255004883
-768 0.014907598495483398
-768 0.015077352523803711
-769 0.014978170394897461
-770 0.014970064163208008
-770 0.015130996704101562
-771 0.014919281005859375
-771 0.015065431594848633
-772 0.030083179473876953
-772 0.0299379825592041
-773 0.04491424560546875
-773 0.10503768920898438
-774 0.1650252342224121
-775 0.014959335327148438
-778 0.015023946762084961
-782 0.014898300170898438
-785 0.015076160430908203
-298 0.000476837158203125
-788 0.014461755752563477
-295 0.0004661083221435547
-792 0.01471710205078125
-291 0.0005705356597900391
-795 0.01435995101928711
-287 0.0005481243133544922
-799 0.01440286636352539
-284 0.0004401206970214844
-800 0.014483451843261719
-280 0.0004949569702148438
-277 0.014503717422485352
-275 0.015008211135864258
-274 0.014985322952270508
-271 0.01586151123046875
-270 0.014212846755981445
-270 0.0150299072265625
-269 0.014906167984008789
-268 0.014994621276855469
-268 0.01508784294128418
-267 0.014912128448486328
-267 0.03007197380065918
-266 0.04492378234863281
-266 0.10502338409423828
-265 0.03009510040283203
-263 0.014921188354492188
-262 0.015040159225463867
-261 0.014961719512939453
-261 0.014976739883422852
-260 0.015210628509521484
-259 0.014784097671508789
-259 0.0300900936126709
-259 0.04488945007324219
-263 0.01513218879699707
-267 0.01497960090637207
-272 0.015154838562011719
-277 0.014761209487915039
-281 0.014986753463745117
-285 0.015010356903076172
-798 0.015007257461547852
-289 0.0005075931549072266
-794 0.014444589614868164
-293 0.00046944618225097656
-790 0.014779806137084961
-296 0.0008831024169921875
-785 0.01400899887084961
-300 0.0006263256072998047
-780 0.014360904693603516
-776 0.014890193939208984
-772 0.01501011848449707
-769 0.015084028244018555
-766 0.014873981475830078
-766 0.0151824951171875
-763 0.014890432357788086
-762 0.014977455139160156
-762 0.014969587326049805
-761 0.015012741088867188
-762 0.04503059387207031
-762 0.014991283416748047
-763 0.014975309371948242
-766 0.015029668807983398
-766 0.014961957931518555
-769 0.030193805694580078
-771 0.029924869537353516
-771 0.014879465103149414
-772 0.0149993896484375
-773 0.015090465545654297
-774 0.014967203140258789
-775 0.015046358108520508
-776 0.015011072158813477
-777 0.015091896057128906
-778 0.014830589294433594
-779 0.01497030258178711
-780 0.015053749084472656
-780 0.015021562576293945
-781 0.014927387237548828
-782 0.014974117279052734
-783 0.015244722366333008
-783 0.014833450317382812
-299 0.014957904815673828
-784 0.014983177185058594
-299 0.015009641647338867
-784 0.015039443969726562
-298 0.04506087303161621
-785 0.014959335327148438
-298 0.2848665714263916
-299 0.015119314193725586
-300 0.014999866485595703
-784 0.01494598388671875
-780 0.015031814575195312
-778 0.015012025833129883
-776 0.016173839569091797
-775 0.013808488845825195
-772 0.015134334564208984
-772 0.014852762222290039
-771 0.014984130859375
-770 0.015008926391601562
-769 0.014984846115112305
-768 0.015126705169677734
-767 0.014923334121704102
-767 0.014963150024414062
-766 0.014990568161010742
-766 0.01508021354675293
-765 0.02997136116027832
-765 0.030076980590820312
-764 0.04486989974975586
-763 0.03006291389465332
-763 0.014940977096557617
-762 0.015067577362060547
-761 0.015047550201416016
-760 0.014880895614624023
-758 0.015002965927124023
-756 0.014993667602539062
-753 0.015086174011230469
-750 0.014933347702026367
-748 0.015115737915039062
-745 0.015031576156616211
-742 0.014883756637573242
-740 0.014956951141357422
-739 0.01501321792602539
-736 0.015014886856079102
-733 0.015403509140014648
-731 0.01462411880493164
-728 0.014944076538085938
-724 0.015023231506347656
-720 0.01503133773803711
-716 0.01496577262878418
-712 0.014996051788330078
-709 0.01535487174987793
-705 0.014685630798339844
-701 0.014972448348999023
-700 0.014989137649536133
-670 0.014998912811279297
-637 0.015026330947875977
-600 0.01510763168334961
-272 0.0008184909820556641
-269 0.01428079605102539
-264 0.015138864517211914
-259 0.014661073684692383
-231 0.015145063400268555
-231 0.014915943145751953
-230 0.017064809799194336
-227 0.012920618057250977
-225 0.014945745468139648
-222 0.014960765838623047
-219 0.015008211135864258
-216 0.015011072158813477
-213 0.015131473541259766
-209 0.015007257461547852
-204 0.015492677688598633
-200 0.014458656311035156
-199 0.07494163513183594
-198 0.014998435974121094
-197 0.015085220336914062
-197 0.014940023422241211
-196 0.015044450759887695
-195 0.014935016632080078
-195 0.04567885398864746
-196 0.014321327209472656
-199 0.014969110488891602
-199 0.015074729919433594
-200 0.014964580535888672
-200 0.38985347747802734
-201 0.015140295028686523
-202 0.014958381652832031
-203 0.015016794204711914
-204 0.014963626861572266
-204 0.015041828155517578
-205 0.015583515167236328
-205 0.014365196228027344
-206 0.030081748962402344
-206 0.03000020980834961
-207 0.05995297431945801
-204 0.10502409934997559
-200 0.014994144439697266
-198 0.015656232833862305
-158 0.014394998550415039
-152 0.015070676803588867
-113 0.014890193939208984
-634 0.014983654022216797
-111 0.00044798851013183594
-635 0.014586448669433594
-107 0.0004730224609375
-639 0.014590740203857422
-104 0.0005548000335693359
-643 0.014329671859741211
-100 0.0004911422729492188
-647 0.014506340026855469
-100 0.0004248619079589844
-650 0.014605998992919922
-653 0.014985084533691406
-656 0.014967203140258789
-658 0.015172481536865234
-660 0.014888286590576172
-661 0.014976024627685547
-663 0.015032052993774414
-664 0.015005111694335938
-665 0.014991521835327148
-666 0.014970541000366211
-667 0.015002250671386719
-667 0.015045166015625
-668 0.014991521835327148
-669 0.015130043029785156
-670 0.01483607292175293
-672 0.014978885650634766
-673 0.015013933181762695
-673 0.014984130859375
-674 0.014998674392700195
-675 0.015358209609985352
-676 0.014965057373046875
-677 0.014665842056274414
-677 0.01497960090637207
-678 0.01517176628112793
-678 0.030057668685913086
-679 0.04487490653991699
-679 0.07537531852722168
-677 0.13456010818481445
-676 0.015034675598144531
-672 0.015086174011230469
-669 0.0148773193359375
-665 0.014991998672485352
-662 0.015024185180664062
-660 0.015027761459350586
-659 0.014940500259399414
-656 0.015053987503051758
-655 0.014965057373046875
-655 0.01575160026550293
-655 0.07429051399230957
-656 0.014978408813476562
-657 0.015015840530395508
-657 0.015050172805786133
-657 0.014914989471435547
-658 0.030050992965698242
-658 0.045186758041381836
-657 0.01479649543762207
-656 0.014978885650634766
-654 0.014948844909667969
-652 0.01509547233581543
-649 0.014916658401489258
-646 0.01519465446472168
-644 0.014957427978515625
-643 0.014848709106445312
-641 0.015018939971923828
-640 0.015088558197021484
-636 0.014905214309692383
-634 0.014981746673583984
-100 0.0004725456237792969
-631 0.014745950698852539
-102 0.0005593299865722656
-628 0.014324426651000977
-105 0.0004811286926269531
-626 0.01444101333618164
-106 0.0004546642303466797
-625 0.014544248580932617
-108 0.0004658699035644531
-623 0.014528036117553711
-108 0.00047087669372558594
-622 0.01454472541809082
-109 0.000469207763671875
-622 0.014542818069458008
-110 0.0005295276641845703
-623 0.014575719833374023
-109 0.0005934238433837891
-650 0.014311552047729492
-105 0.0004322528839111328
-655 0.014606714248657227
-100 0.0004899501800537109
-700 0.014456510543823242
-708 0.015031099319458008
-737 0.014961004257202148
-741 0.01592731475830078
-745 0.01421976089477539
-750 0.014847517013549805
-778 0.015022516250610352
-781 0.014995574951171875
-785 0.014973640441894531
-102 0.0004951953887939453
-790 0.014564752578735352
-130 0.0005381107330322266
-794 0.014417171478271484
-130 0.0004885196685791016
-798 0.014516353607177734
-133 0.0004968643188476562
-800 0.01447916030883789
-133 0.0005159378051757812
-136 0.014462709426879883
-137 0.015157461166381836
-138 0.015124082565307617
-139 0.014766693115234375
-139 0.015001058578491211
-140 0.014967918395996094
-143 0.015119314193725586
-146 0.014909029006958008
-150 0.01709914207458496
-183 0.012930154800415039
-186 0.014960289001464844
-200 0.014981746673583984
-211 0.030006885528564453
-212 0.015464067459106445
-789 0.014608383178710938
-215 0.0004565715789794922
-747 0.014485597610473633
-217 0.0005400180816650391
-702 0.014439582824707031
-217 0.0005240440368652344
-700 0.014546632766723633
-212 0.0005340576171875
-208 0.01442575454711914
-204 0.017216205596923828
-201 0.012946128845214844
-200 0.014849424362182617
