-700 0.0017087459564208984
-200 0.0004916191101074219
-200 0.00019025802612304688
-200 0.0003113746643066406
-200 0.00017213821411132812
-200 0.0001461505889892578
-200 0.00024008750915527344
-200 0.0001533031463623047
-184 1.073202133178711
-156 0.01520085334777832
-119 0.015004158020019531
-100 0.014886617660522461
-699 0.9000604152679443
-669 0.015000581741333008
-666 0.014978885650634766
-661 0.014960527420043945
-657 0.014976263046264648
-652 0.015078544616699219
-647 0.015068531036376953
-642 0.014847517013549805
-637 0.014981746673583984
-100 0.0004754066467285156
-633 0.014531612396240234
-103 0.00044655799865722656
-629 0.018159151077270508
-106 0.0006492137908935547
-625 0.01080942153930664
-109 0.0006074905395507812
-621 0.014379024505615234
-112 0.00045680999755859375
-617 0.014505386352539062
-115 0.00046133995056152344
-614 0.01458597183227539
-119 0.0005497932434082031
-611 0.014416217803955078
-122 0.00045609474182128906
-608 0.014568567276000977
-124 0.0005979537963867188
-606 0.014368057250976562
-127 0.0004928112030029297
-605 0.014582633972167969
-129 0.0005276203155517578
-602 0.014436721801757812
-130 0.0005483627319335938
-602 0.014393329620361328
-132 0.00045371055603027344
-601 0.01475834846496582
-132 0.00045371055603027344
-600 0.01441049575805664
-133 0.0005629062652587891
-600 0.014414787292480469
-134 0.0004475116729736328
-135 0.014791488647460938
-135 0.014750480651855469
-135 0.015075445175170898
-136 0.029898643493652344
-137 0.04510784149169922
-137 0.07492709159851074
-137 0.25493526458740234
-139 0.29994988441467285
-143 0.015094518661499023
-173 0.014980316162109375
-178 0.015027761459350586
-200 0.014964580535888672
-225 0.015261173248291016
-230 0.014762163162231445
-261 0.014975547790527344
-262 0.015124082565307617
-264 0.014922380447387695
-267 0.014957904815673828
-270 0.015087127685546875
-272 0.014949798583984375
-273 0.015069246292114258
-276 0.014914989471435547
-276 0.014957904815673828
-277 0.01501774787902832
-278 0.015040397644042969
-278 0.015130996704101562
-279 0.014956474304199219
-280 0.029929399490356445
-280 0.01502370834350586
-601 0.014942407608032227
-284 0.0004565715789794922
-605 0.015193462371826172
-289 0.0007586479187011719
-609 0.013700723648071289
-293 0.0005338191986083984
-614 0.014382362365722656
-296 0.00048470497131347656
-618 0.014496564865112305
-300 0.0004699230194091797
-622 0.014675617218017578
-626 0.01493692398071289
-630 0.014960050582885742
-659 0.01498723030090332
-660 0.015003204345703125
-662 0.015014410018920898
-665 0.014975786209106445
-670 0.01504206657409668
-674 0.015076875686645508
-700 0.014909744262695312
-701 0.9298992156982422
-705 0.015122413635253906
-708 0.014984130859375
-710 0.014995336532592773
-711 0.014967918395996094
-713 0.015238285064697266
-714 0.014802694320678711
-715 0.014947652816772461
-715 0.015021800994873047
-716 0.01512765884399414
-717 0.014925718307495117
-717 0.015020608901977539
-718 0.02998495101928711
-719 0.02995896339416504
-719 0.014986991882324219
-720 0.014990568161010742
-720 0.015216350555419922
-721 0.014946222305297852
-721 0.014858484268188477
-722 0.014985084533691406
-723 0.015010356903076172
-724 0.015002012252807617
-725 0.015166759490966797
-726 0.01523733139038086
-727 0.01460409164428711
-728 0.014940023422241211
-729 0.015006780624389648
-729 0.015255451202392578
-730 0.029875993728637695
-730 0.029932737350463867
-731 0.060053110122680664
-730 0.4348936080932617
-728 0.01505422592163086
-727 0.014969587326049805
-724 0.015110015869140625
-722 0.01490330696105957
-718 0.015244722366333008
-700 0.014779090881347656
-698 0.22492003440856934
-695 0.015111684799194336
-651 0.01508641242980957
-646 0.014928102493286133
-604 0.014944791793823242
-602 0.015159845352172852
-265 0.0005316734313964844
-600 0.014420270919799805
-261 0.000518798828125
-257 0.014402627944946289
-227 0.014961957931518555
-225 0.014993429183959961
-222 0.01526331901550293
-220 0.015051603317260742
-217 0.01493692398071289
-215 0.014791727066040039
-212 0.01497650146484375
-210 0.015055179595947266
-209 0.016797542572021484
-207 0.013143539428710938
-207 0.015006780624389648
-206 0.015130996704101562
-205 0.014833211898803711
-205 0.01500558853149414
-204 0.015156745910644531
-204 0.029999732971191406
-200 0.2848799228668213
-189 0.01503753662109375
-160 0.014961957931518555
-130 0.015037298202514648
-627 0.015029668807983398
-124 0.000461578369140625
-632 0.015146493911743164
-100 0.0006206035614013672
-671 0.013712167739868164
-672 0.014990568161010742
-675 0.014919757843017578
-676 0.01516866683959961
-679 0.01489400863647461
-681 0.015067815780639648
-684 0.015003442764282227
-686 0.014986753463745117
-689 0.014983415603637695
-692 0.014965057373046875
-694 0.014955759048461914
-696 0.015043258666992188
-697 0.01500391960144043
-700 0.015231132507324219
-669 0.6147174835205078
-665 0.015109777450561523
-638 0.014970541000366211
-638 0.01498866081237793
-637 0.015064001083374023
-635 0.015131950378417969
-634 0.015023469924926758
-634 0.014793157577514648
-633 0.015033245086669922
-633 0.015039682388305664
-633 0.03012537956237793
-634 0.014853715896606445
-636 0.014967203140258789
-637 0.015003681182861328
-641 0.014959335327148438
-644 0.01679682731628418
-647 0.01328587532043457
-651 0.014940500259399414
-656 0.01512598991394043
-684 0.014896392822265625
-685 0.014957666397094727
-688 0.015068769454956055
-693 0.014985322952270508
-700 0.015026092529296875
-727 0.02992391586303711
-728 0.015244007110595703
-732 0.015203714370727539
-736 0.014647722244262695
-740 0.014920234680175781
-744 0.014991998672485352
-746 0.015055656433105469
-748 0.01635432243347168
-749 0.013607025146484375
-750 0.015038251876831055
-747 0.029979467391967773
-140 0.0004420280456542969
-703 0.014540433883666992
-200 0.0004928112030029297
-702 0.01455378532409668
-702 0.014978647232055664
-702 0.015172243118286133
-701 0.029828548431396484
-700 0.029980182647705078
-700 0.06022286415100098
