-700 0.0016283988952636719
-200 0.0004634857177734375
-200 0.00018262863159179688
-200 0.00014019012451171875
-200 0.00011968612670898438
-200 0.00011563301086425781
-200 0.00011277198791503906
-200 0.00010657310485839844
-735 1.4781391620635986
-152 0.0004680156707763672
-763 0.014774799346923828
-113 0.00044035911560058594
-763 0.014481067657470703
-110 0.0007264614105224609
-764 0.014326095581054688
-107 0.0004417896270751953
-765 0.014474868774414062
-105 0.000457763671875
-765 0.014668464660644531
-104 0.00043320655822753906
-102 0.014742851257324219
-766 0.014800071716308594
-102 0.00044655799865722656
-101 0.014435291290283203
-767 0.015035629272460938
-100 0.00044155120849609375
-100 0.014569997787475586
-767 0.01497197151184082
-100 0.0004451274871826172
-767 0.04458141326904297
-768 0.029979944229125977
-769 0.015026330947875977
-770 0.014948844909667969
-770 0.015076875686645508
-771 0.015244245529174805
-772 0.014761686325073242
-772 0.015062093734741211
-773 0.014903783798217773
-773 0.014966011047363281
-774 0.015015602111816406
-774 0.015001773834228516
-775 0.014980792999267578
-776 0.015061378479003906
-776 0.015032052993774414
-777 0.014906883239746094
-100 0.0004723072052001953
-778 0.01451563835144043
-778 0.015011787414550781
-101 0.0006353855133056641
-778 0.014385461807250977
-779 0.015309572219848633
-101 0.0015659332275390625
-779 0.013143539428710938
-101 0.015027999877929688
-780 0.014958620071411133
-780 0.04498648643493652
-102 0.0006318092346191406
-781 0.0444638729095459
-102 0.11980843544006348
-103 0.09014511108398438
-782 0.07500934600830078
-105 0.0011992454528808594
-786 0.013746023178100586
-107 0.0004534721374511719
-789 0.014528274536132812
-111 0.00048065185546875
-800 0.014575958251953125
-149 0.00048041343688964844
-200 0.014506101608276367
-245 0.014972925186157227
-792 0.015142202377319336
-297 0.0005788803100585938
-787 0.014496803283691406
-300 0.0004980564117431641
-782 0.014322280883789062
-777 0.0149383544921875
-773 0.015146255493164062
-769 0.014936208724975586
-766 0.01499795913696289
-761 0.01513528823852539
-756 0.014793872833251953
-751 0.015094757080078125
-748 0.014946699142456055
-745 0.014949321746826172
-742 0.014993906021118164
-741 0.015050411224365234
-737 0.014966249465942383
-734 0.015003442764282227
-731 0.01550912857055664
-729 0.014923810958862305
-728 0.014674901962280273
-726 0.01494288444519043
-725 0.014971256256103516
-724 0.01504063606262207
-724 0.015067338943481445
-723 0.01830291748046875
-722 0.011526823043823242
-722 0.030050992965698242
-721 0.02998638153076172
-722 0.0900115966796875
-724 0.014998674392700195
-725 0.015319108963012695
-726 0.014913797378540039
-727 0.014836311340332031
-728 0.014970779418945312
-729 0.014952659606933594
-729 0.015076875686645508
-730 0.014986515045166016
-730 0.0332188606262207
-731 0.02672100067138672
-732 0.04512906074523926
-732 0.0449521541595459
-732 0.04494428634643555
-733 0.0450437068939209
-733 0.029889583587646484
-734 0.0012483596801757812
-734 0.013840675354003906
-735 0.014955282211303711
-736 0.015024423599243164
-736 0.015006780624389648
-737 0.015012502670288086
-737 0.014981269836425781
-738 0.015007257461547852
-738 0.03000497817993164
-739 0.029987335205078125
-739 0.0600125789642334
-740 0.15074443817138672
-739 0.19415736198425293
-739 0.015079498291015625
-739 0.014980792999267578
-738 0.015048027038574219
-738 0.014958620071411133
-738 0.014970064163208008
-737 0.030391454696655273
-736 0.02966928482055664
-736 0.045114755630493164
-735 0.07490253448486328
-735 0.04498910903930664
-734 0.014997482299804688
-732 0.01498723030090332
-731 0.01500248908996582
-727 0.015082836151123047
-724 0.014955759048461914
-719 0.01494145393371582
-700 0.015101432800292969
-685 0.04492926597595215
-681 0.015059232711791992
-650 0.014902114868164062
-649 0.015069723129272461
-646 0.014942407608032227
-642 0.015031814575195312
-637 0.015041112899780273
-632 0.014920234680175781
-626 0.014992713928222656
-600 0.015268325805664062
-296 0.0007464885711669922
-269 0.014276742935180664
-268 0.014722108840942383
-264 0.015010595321655273
-261 0.01505279541015625
-257 0.01490473747253418
-252 0.015159130096435547
-247 0.014959573745727539
-244 0.014926910400390625
-240 0.014963150024414062
-238 0.029954195022583008
-235 0.0007419586181640625
-234 0.014337539672851562
-232 0.015027761459350586
-231 0.014976978302001953
-231 0.014992475509643555
-230 0.015012025833129883
-229 0.015053033828735352
-228 0.014947175979614258
-228 0.014964580535888672
-228 0.015606880187988281
-227 0.029491424560546875
-226 0.014972209930419922
-223 0.014980077743530273
-220 0.014972448348999023
-216 0.014994382858276367
-211 0.015065431594848633
-206 0.015100479125976562
-202 0.015059232711791992
-200 0.014866113662719727
-198 0.10488724708557129
-197 0.01505279541015625
-196 0.014997720718383789
-195 0.014980316162109375
-195 0.015070438385009766
-194 0.015221834182739258
-193 0.014734029769897461
-193 0.015075445175170898
-193 0.02987074851989746
-192 0.045041799545288086
-189 0.045140743255615234
-186 0.029780149459838867
-182 0.0007190704345703125
-152 0.01431417465209961
-150 0.01601552963256836
-145 0.014517784118652344
-112 0.014526844024658203
-633 0.014944314956665039
-110 0.0004222393035888672
-636 0.014647722244262695
-106 0.0004210472106933594
-670 0.014542102813720703
-100 0.0004417896270751953
-674 0.014597654342651367
-679 0.016387462615966797
-700 0.013579130172729492
-700 0.12003159523010254
-703 0.014920234680175781
-703 0.015010833740234375
-704 0.015005111694335938
-705 0.015065908432006836
-706 0.015089750289916992
-706 0.014921188354492188
-707 0.01496577262878418
-707 0.029958248138427734
-708 0.04517221450805664
-704 0.029866456985473633
-700 0.015058517456054688
-700 0.015022754669189453
-674 0.2248232364654541
-670 0.015133142471313477
-634 0.014931201934814453
-630 0.014993906021118164
-625 0.015107154846191406
-127 0.0005161762237548828
-600 0.014412879943847656
-128 0.00047016143798828125
-131 0.014579534530639648
-135 0.01487278938293457
-140 0.015039682388305664
-144 0.015038013458251953
-149 0.015012502670288086
-185 0.014931678771972656
-187 0.015304088592529297
-190 0.015352487564086914
-193 0.014345169067382812
-195 0.014998435974121094
-199 0.015015602111816406
-200 0.015105009078979492
-200 0.044931888580322266
-201 0.015005111694335938
-204 0.014971494674682617
-205 0.015004396438598633
-206 0.015087366104125977
-207 0.015206575393676758
-208 0.014758825302124023
-209 0.014980316162109375
-211 0.014996528625488281
-213 0.015003442764282227
-217 0.014960289001464844
-222 0.015015363693237305
-227 0.015026330947875977
-257 0.015465259552001953
-257 0.0294952392578125
-260 0.015020132064819336
-262 0.01504969596862793
-265 0.01494288444519043
-269 0.015472650527954102
-273 0.014737367630004883
-276 0.015239953994750977
-280 0.014520406723022461
-601 0.015004158020019531
-283 0.0006775856018066406
-602 0.014288187026977539
-286 0.0008413791656494141
-605 0.014260292053222656
-288 0.0006134510040283203
-607 0.014435291290283203
-291 0.0006010532379150391
-610 0.014277219772338867
-294 0.0011775493621826172
-613 0.013922691345214844
-297 0.0005621910095214844
-617 0.014379739761352539
-300 0.0004868507385253906
-621 0.014477729797363281
-624 0.01499176025390625
-627 0.015024423599243164
-630 0.015047073364257812
-632 0.015100717544555664
-635 0.014871835708618164
-637 0.014967203140258789
-641 0.015038490295410156
-646 0.014974355697631836
-650 0.015030622482299805
-654 0.014953136444091797
-657 0.01598334312438965
-660 0.014067411422729492
-662 0.014961957931518555
-663 0.014960050582885742
-665 0.015039682388305664
-666 0.014977455139160156
-666 0.015027999877929688
-667 0.015192031860351562
-668 0.014854907989501953
-668 0.014911174774169922
-669 0.03002190589904785
-669 0.030340194702148438
-670 0.0596919059753418
-669 0.29994869232177734
-666 0.01502084732055664
-664 0.015019416809082031
-663 0.015014171600341797
-661 0.014980554580688477
-660 0.014991044998168945
-659 0.015270709991455078
-658 0.014776229858398438
-657 0.014960289001464844
-656 0.015002727508544922
-655 0.015020370483398438
-655 0.015019655227661133
-654 0.015796184539794922
-653 0.014578104019165039
-653 0.014599800109863281
-652 0.030059099197387695
-652 0.029921293258666992
-651 0.0600285530090332
-681 0.10500526428222656
-681 0.014977216720581055
-700 0.015059709548950195
-714 0.044974565505981445
-715 0.015007734298706055
-718 0.014933586120605469
-721 0.015017271041870117
-724 0.014998912811279297
-727 0.015034675598144531
-729 0.015197515487670898
-730 0.014798402786254883
-733 0.014985322952270508
-733 0.015004158020019531
-734 0.014968633651733398
-735 0.0149993896484375
-736 0.015092611312866211
-736 0.015021562576293945
-737 0.014959335327148438
-737 0.029961109161376953
-738 0.04498863220214844
-739 0.014978647232055664
-741 0.015137434005737305
-742 0.014877080917358398
-745 0.015014410018920898
-748 0.014989376068115234
-752 0.015018463134765625
-755 0.014950275421142578
-758 0.015182256698608398
-760 0.01493382453918457
-761 0.015323877334594727
-764 0.014594554901123047
-764 0.014982461929321289
-765 0.01496124267578125
-764 0.04494500160217285
-758 0.004109859466552734
-729 0.010988950729370117
-728 0.015017509460449219
-726 0.015016794204711914
-726 0.014972925186157227
-725 0.015079975128173828
-724 0.015185832977294922
-723 0.014844179153442383
-723 0.014885425567626953
-722 0.030058860778808594
-722 0.029986143112182617
-725 0.029999732971191406
-729 0.01498866081237793
-732 0.014969110488891602
-736 0.015100240707397461
-739 0.015172004699707031
-742 0.014798164367675781
-744 0.014956235885620117
-746 0.014991283416748047
-748 0.015024662017822266
-749 0.014958620071411133
-752 0.01498866081237793
-753 0.015161991119384766
-753 0.015524148941040039
-754 0.014377593994140625
-755 0.0149383544921875
-756 0.015002727508544922
-756 0.015035629272460938
-753 0.04502677917480469
-751 0.015609264373779297
-750 0.014346599578857422
-748 0.014976263046264648
-747 0.014989137649536133
-746 0.015022993087768555
-746 0.01502680778503418
-745 0.014969825744628906
-744 0.016350746154785156
-744 0.014256954193115234
-743 0.029377222061157227
-743 0.16582441329956055
-742 0.10423159599304199
-740 0.014977693557739258
-739 0.029894351959228516
-736 0.0014417171478271484
-734 0.013742208480834961
-731 0.014885425567626953
-729 0.015025854110717773
-725 0.014991044998168945
-720 0.015133857727050781
-700 0.014884233474731445
-724 0.19543099403381348
-725 0.014559030532836914
-729 0.015007972717285156
-731 0.014963865280151367
-734 0.015025854110717773
-736 0.01749897003173828
-737 0.012601613998413086
-740 0.015048980712890625
-740 0.014844894409179688
-741 0.014992237091064453
-742 0.0150604248046875
-743 0.014939308166503906
-743 0.015020132064819336
-744 0.015121936798095703
-744 0.029899120330810547
-745 0.0450747013092041
-745 0.10506010055541992
-746 0.26975440979003906
-746 0.015129566192626953
-747 0.030052661895751953
-748 0.029935598373413086
-748 0.030574321746826172
-749 0.02938985824584961
-750 0.030083179473876953
-750 0.04494595527648926
-751 0.029969215393066406
-751 0.02998948097229004
-707 0.030138731002807617
-682 0.014923810958862305
-298 0.00048661231994628906
-631 0.014470577239990234
-258 0.0004773139953613281
-600 0.014540433883666992
-254 0.0004775524139404297
-250 0.014507055282592773
-246 0.015000581741333008
-243 0.015151023864746094
-241 0.014933586120605469
-239 0.014919757843017578
-238 0.01496744155883789
-236 0.015027523040771484
-235 0.015062332153320312
-234 0.01498723030090332
-234 0.014971494674682617
-233 0.014972686767578125
-232 0.015078306198120117
-232 0.030123233795166016
-232 0.044816017150878906
-231 0.06001853942871094
-231 0.06000828742980957
-230 0.04503774642944336
-230 0.06003594398498535
-230 0.10500335693359375
-231 0.01490926742553711
-233 0.01497507095336914
-234 0.015017032623291016
-237 0.015017032623291016
-237 0.014997005462646484
-240 0.015050172805786133
-243 0.014980077743530273
-246 0.01496434211730957
-248 0.015001773834228516
-249 0.014984130859375
-252 0.015009880065917969
-253 0.014975547790527344
-253 0.015237092971801758
-254 0.014808177947998047
-255 0.015377283096313477
-256 0.014617443084716797
-256 0.015015363693237305
-257 0.015072822570800781
-257 0.029921531677246094
-258 0.029972553253173828
-258 0.06058096885681152
-258 0.14941906929016113
-255 0.015068531036376953
-252 0.01490330696105957
-247 0.015011072158813477
-219 0.015001535415649414
-218 0.015029668807983398
-213 0.015419960021972656
-209 0.014586687088012695
-204 0.014978885650634766
-200 0.015010595321655273
-198 0.09000134468078613
-197 0.014983415603637695
-196 0.01499176025390625
-195 0.015002727508544922
-195 0.015330791473388672
-194 0.014747858047485352
-193 0.014944791793823242
-193 0.014951705932617188
-193 0.060065507888793945
-194 0.029834508895874023
-195 0.0009403228759765625
-195 0.014200687408447266
-196 0.01499485969543457
-197 0.03018975257873535
-197 0.029797792434692383
-197 0.06017708778381348
-198 0.05983734130859375
-200 0.014992713928222656
-210 0.045014381408691406
-210 0.01500391960144043
-213 0.014986991882324219
-216 0.014996528625488281
-220 0.01500391960144043
-225 0.015094995498657227
-252 0.015006780624389648
-253 0.014992713928222656
-255 0.01490473747253418
-257 0.01501607894897461
-258 0.015019655227661133
-261 0.014949560165405273
-262 0.015071868896484375
-265 0.014986753463745117
-266 0.01550912857055664
-270 0.029314041137695312
-272 0.001398324966430664
-275 0.013711929321289062
-277 0.015020608901977539
-278 0.014994621276855469
-280 0.015117883682250977
-281 0.014958858489990234
-282 0.029847145080566406
-283 0.0007328987121582031
-284 0.014364480972290039
-600 0.01499629020690918
-284 0.00042057037353515625
-601 0.015103816986083984
-285 0.0007326602935791016
-601 0.013858795166015625
-286 0.0005419254302978516
-602 0.01433253288269043
-287 0.0004820823669433594
-603 0.014547109603881836
-287 0.0004911422729492188
-604 0.014514446258544922
-288 0.0005252361297607422
-604 0.014447927474975586
-289 0.0005595684051513672
-605 0.01445150375366211
-289 0.00045561790466308594
-289 0.014555931091308594
-605 0.014988899230957031
-290 0.00047397613525390625
-606 0.029580354690551758
-290 0.0006339550018310547
-291 0.029310941696166992
-606 0.014993906021118164
-291 0.04513072967529297
-607 0.11987853050231934
-608 0.4498870372772217
-290 0.0005023479461669922
-636 0.014592409133911133
-286 0.0004315376281738281
-639 0.014584064483642578
-281 0.0004572868347167969
-680 0.014533758163452148
-245 0.0005099773406982422
-700 0.014501094818115234
-200 0.0004639625549316406
-700 1.229426383972168
-700 0.6901214122772217
-701 0.04503273963928223
-701 0.029988527297973633
-702 0.01508021354675293
-703 0.014937400817871094
-704 0.014976024627685547
-707 0.014993667602539062
-712 0.015021800994873047
-757 0.01498866081237793
-789 0.015220165252685547
-794 0.014847040176391602
-800 0.015042543411254883
-197 0.11989116668701172
-197 0.01500082015991211
-196 0.015778303146362305
-195 0.014214515686035156
-194 0.015022754669189453
-193 0.01498556137084961
-193 0.01500391960144043
-192 0.030010700225830078
-191 0.030054330825805664
-191 0.014937639236450195
-190 0.015004396438598633
-190 0.01500391960144043
-189 0.014910459518432617
-188 0.015080451965332031
-187 0.015002965927124023
-187 0.015041112899780273
-186 0.014896869659423828
-186 0.02997875213623047
-185 0.015091657638549805
-184 0.014913082122802734
-182 0.015107870101928711
-181 0.014900445938110352
-177 0.01506948471069336
-148 0.014994144439697266
-147 0.01500082015991211
-142 0.015000581741333008
-137 0.017238140106201172
-132 0.013367652893066406
-128 0.014425039291381836
-798 0.014997005462646484
-125 0.00064849853515625
-797 0.014358758926391602
-123 0.0004508495330810547
-795 0.014443635940551758
-122 0.0004725456237792969
-794 0.01460886001586914
-119 0.0004837512969970703
-793 0.014406919479370117
-119 0.0004413127899169922
-793 0.014754772186279297
-118 0.0005609989166259766
-792 0.014387845993041992
-117 0.0006597042083740234
-792 0.014672994613647461
-117 0.0006086826324462891
-116 0.029050827026367188
-792 0.030029296875
-795 0.01495671272277832
-117 0.0005514621734619141
-795 0.014383316040039062
-120 0.0005192756652832031
-798 0.014453649520874023
-123 0.0004994869232177734
-799 0.014527559280395508
-125 0.0005066394805908203
-800 0.014431953430175781
-128 0.0005517005920410156
-129 0.014810800552368164
-131 0.014778852462768555
-132 0.01522684097290039
-132 0.014660120010375977
-133 0.015129804611206055
-134 0.014863252639770508
-134 0.015116214752197266
-135 0.015020608901977539
-135 0.029978275299072266
-136 0.029911518096923828
-136 0.0450594425201416
-137 0.20993399620056152
-136 0.1499192714691162
-132 0.015105962753295898
-130 0.014989376068115234
-127 0.014969110488891602
-124 0.015000343322753906
-799 0.015025138854980469
-123 0.0006275177001953125
-799 0.014564275741577148
-121 0.0005624294281005859
-798 0.014255523681640625
-120 0.00047969818115234375
-797 0.014602422714233398
-119 0.0004825592041015625
-796 0.014421939849853516
-118 0.00047707557678222656
-796 0.014617204666137695
-117 0.00046944618225097656
-795 0.01442265510559082
-117 0.00048089027404785156
-116 0.015711307525634766
-794 0.014722585678100586
-116 0.014196395874023438
-116 0.014863014221191406
-799 0.01512908935546875
-122 0.0005524158477783203
-800 0.014391660690307617
-185 0.0004894733428955078
-217 0.018321752548217773
-798 0.011191844940185547
-290 0.0005047321319580078
-741 0.014470577239990234
-300 0.00045561790466308594
-711 0.014623165130615234
-711 0.02991342544555664
-710 0.016466617584228516
-710 0.013538837432861328
-709 0.01511526107788086
-708 0.014992713928222656
-705 0.014871358871459961
-702 0.014999628067016602
-700 0.014995336532592773
-700 0.015125751495361328
-700 0.3898353576660156
-702 0.01515817642211914
-705 0.014900922775268555
-706 0.014978885650634766
-708 0.015047550201416016
-709 0.01506495475769043
-711 0.01522064208984375
-712 0.014900922775268555
-713 0.014786005020141602
-716 0.015105247497558594
-719 0.014913797378540039
-721 0.015012741088867188
-724 0.015082597732543945
-726 0.014996051788330078
-727 0.014992475509643555
-729 0.014881610870361328
-730 0.015015602111816406
-730 0.015008926391601562
-731 0.015292644500732422
-732 0.014724969863891602
-732 0.014987468719482422
-733 0.015075445175170898
-733 0.02991485595703125
-734 0.04500579833984375
-734 0.1050114631652832
-734 0.26990413665771484
-734 0.030203580856323242
-733 0.014905691146850586
-730 0.014992952346801758
-728 0.014990091323852539
-725 0.015128612518310547
-721 0.014878988265991211
-716 0.015083074569702148
-711 0.014888525009155273
-705 0.015120267868041992
-700 0.014914274215698242
-696 0.09020662307739258
-668 0.014902830123901367
-668 0.014992475509643555
-666 0.014988422393798828
-665 0.014909982681274414
-662 0.01501154899597168
-662 0.015001296997070312
-661 0.015003204345703125
-658 0.015571117401123047
-658 0.014535665512084961
-657 0.014855384826660156
-656 0.01502227783203125
-654 0.014991283416748047
-654 0.015069961547851562
-653 0.014909505844116211
-650 0.015063047409057617
-650 0.014946937561035156
-646 0.015029191970825195
-644 0.014980077743530273
-641 0.014981746673583984
-636 0.015002727508544922
-631 0.015123844146728516
-626 0.015084505081176758
-622 0.014834880828857422
-296 0.0004954338073730469
-600 0.01449441909790039
-291 0.0006356239318847656
-286 0.01436758041381836
-258 0.014966964721679688
-258 0.0149993896484375
-255 0.01501011848449707
-254 0.014990806579589844
-251 0.015434026718139648
-250 0.014574289321899414
-247 0.015009164810180664
-247 0.0150909423828125
-244 0.014925241470336914
-244 0.014956235885620117
-243 0.015166044235229492
-242 0.01487278938293457
-241 0.015100479125976562
-241 0.014875650405883789
-240 0.015050411224365234
-239 0.032811880111694336
-239 0.027123689651489258
-239 0.06008172035217285
-239 0.2098538875579834
-240 0.015102148056030273
-240 0.01498556137084961
-241 0.015021085739135742
-241 0.014978170394897461
-241 0.015006542205810547
-242 0.01510930061340332
-243 0.015044927597045898
-243 0.014795780181884766
-244 0.015010356903076172
-244 0.015013933181762695
-245 0.015105009078979492
-246 0.015104532241821289
-246 0.014827489852905273
-247 0.014984130859375
-248 0.01503133773803711
-249 0.01494598388671875
-250 0.01501321792602539
-250 0.01502084732055664
-251 0.015093564987182617
-252 0.014927387237548828
-252 0.015000104904174805
-253 0.014960527420043945
-253 0.03000330924987793
-254 0.029984235763549805
-254 0.045022010803222656
-254 0.3601233959197998
-253 0.02988910675048828
-253 0.029986143112182617
-252 0.014981746673583984
-252 0.015127420425415039
-251 0.014920473098754883
-251 0.014988422393798828
-250 0.014982223510742188
-250 0.01501154899597168
-249 0.014968156814575195
-248 0.015182018280029297
-245 0.014868021011352539
-241 0.014963150024414062
-213 0.01497793197631836
-209 0.015034914016723633
-200 0.01500701904296875
-174 0.04504895210266113
-171 0.01492929458618164
-140 0.015130281448364258
-137 0.014867782592773438
-133 0.014989137649536133
-129 0.015012741088867188
-603 0.016344308853149414
-125 0.0007433891296386719
-608 0.012959480285644531
-120 0.0004966259002685547
-613 0.014476537704467773
-117 0.0004794597625732422
-618 0.014498710632324219
-113 0.0004379749298095703
-623 0.014586925506591797
-110 0.0004487037658691406
-627 0.014516592025756836
-106 0.0004496574401855469
-631 0.014926671981811523
-104 0.0015540122985839844
-634 0.013210535049438477
-101 0.0004942417144775391
-637 0.014373540878295898
-100 0.0004885196685791016
-639 0.014475584030151367
-100 0.0004696846008300781
-640 0.01456141471862793
-642 0.014998435974121094
-643 0.015148162841796875
-644 0.014906167984008789
-644 0.014978647232055664
-645 0.014949798583984375
-646 0.015059947967529297
-645 0.06001925468444824
-645 0.014948368072509766
-644 0.01499485969543457
-643 0.01499176025390625
-643 0.01500701904296875
-642 0.015146255493164062
-641 0.015251636505126953
-641 0.014624357223510742
-640 0.01500558853149414
-640 0.030002117156982422
-639 0.0450437068939209
-639 0.09006547927856445
-639 0.404865026473999
-642 0.015057563781738281
-647 0.01499176025390625
-681 0.014981985092163086
-684 0.015012979507446289
-700 0.014958858489990234
-732 0.015088081359863281
-766 0.014959335327148438
-794 0.014977693557739258
-114 0.00048732757568359375
-797 0.01447749137878418
-118 0.0005195140838623047
-800 0.014617204666137695
-122 0.0004627704620361328
-126 0.014367103576660156
-130 0.015021324157714844
-135 0.015016794204711914
-140 0.015079975128173828
-144 0.015022754669189453
-148 0.014949798583984375
-150 0.014982223510742188
-153 0.015102624893188477
-154 0.014860153198242188
-157 0.015244722366333008
-157 0.014845848083496094
-158 0.015064239501953125
-161 0.014880657196044922
-161 0.01503300666809082
-162 0.014954328536987305
-163 0.0159609317779541
-163 0.01409602165222168
-164 0.01495504379272461
-165 0.014979362487792969
-165 0.03000164031982422
-165 0.045101165771484375
-164 0.04491376876831055
-159 0.015019416809082031
-155 0.014956235885620117
-151 0.014997720718383789
-123 0.015151739120483398
-122 0.015183210372924805
-122 0.01468968391418457
-121 0.01498103141784668
-120 0.015030622482299805
-119 0.015006303787231445
-119 0.016130685806274414
-119 0.028830528259277344
-799 0.04497218132019043
-799 0.03008103370666504
-798 0.04501533508300781
-118 0.01497507095336914
-798 0.015238523483276367
-117 0.002011537551879883
-117 0.012745141983032227
-797 0.015162229537963867
-116 0.0004601478576660156
-797 0.014373779296875
-116 0.00046706199645996094
-796 0.01448822021484375
-795 0.014997243881225586
-115 0.0004706382751464844
-793 0.014576196670532227
-114 0.0005748271942138672
-792 0.014570236206054688
-112 0.0005171298980712891
-789 0.014312505722045898
-109 0.0004608631134033203
-786 0.014556407928466797
-107 0.0005087852478027344
-783 0.014484405517578125
-106 0.00044608116149902344
-781 0.014563560485839844
-104 0.00044083595275878906
-780 0.01450800895690918
-103 0.00043702125549316406
-778 0.014606952667236328
-102 0.0004630088806152344
-778 0.014529228210449219
-102 0.0009074211120605469
-777 0.014282941818237305
-101 0.000553131103515625
-776 0.014331817626953125
-100 0.0006084442138671875
-776 0.014315605163574219
-100 0.00048232078552246094
-775 0.014520645141601562
-774 0.015041351318359375
-100 0.0004775524139404297
-771 0.014467954635620117
-767 0.015428543090820312
-731 0.014621973037719727
-731 0.015480756759643555
-728 0.014492511749267578
-727 0.014983415603637695
-724 0.014990091323852539
-724 0.015057563781738281
-723 0.015183210372924805
-722 0.014842987060546875
-721 0.015004396438598633
-721 0.014975547790527344
-718 0.01493978500366211
-716 0.01499795913696289
-710 0.015005111694335938
-700 0.015048503875732422
-710 0.1500077247619629
-711 0.014981746673583984
-717 0.015022039413452148
-722 0.014998674392700195
-727 0.014960050582885742
-731 0.015023469924926758
-736 0.015138864517211914
-739 0.01485753059387207
-743 0.014969587326049805
-745 0.014989137649536133
-747 0.01505422592163086
-748 0.014974832534790039
-752 0.015050411224365234
-755 0.014916658401489258
-757 0.015100240707397461
-758 0.014895439147949219
-761 0.014982938766479492
-761 0.014988183975219727
-762 0.015046358108520508
-763 0.014952898025512695
-764 0.015178680419921875
-764 0.014861106872558594
-765 0.015035390853881836
-765 0.014927387237548828
-766 0.015020370483398438
-766 0.014991521835327148
-767 0.030037403106689453
-767 0.029969215393066406
-768 0.0453333854675293
-767 0.1348884105682373
-761 0.014827489852905273
-720 0.014998674392700195
-717 0.014960527420043945
-700 0.015038013458251953
-699 0.06002545356750488
-696 0.015026569366455078
-693 0.014973878860473633
-693 0.014993429183959961
-690 0.015029430389404297
-689 0.015020608901977539
-689 0.015024900436401367
-687 0.014868736267089844
-684 0.015091896057128906
-680 0.014974594116210938
-675 0.01502680778503418
-642 0.014940500259399414
-640 0.015013933181762695
-635 0.015022516250610352
-607 0.014959096908569336
-123 0.0004496574401855469
-606 0.014538049697875977
-124 0.0004513263702392578
-603 0.014541387557983398
-127 0.0004291534423828125
-602 0.014804363250732422
-130 0.0005369186401367188
-600 0.01425480842590332
-134 0.0005154609680175781
-138 0.014490365982055664
-143 0.014995813369750977
-146 0.015076160430908203
-149 0.014942169189453125
-152 0.016422033309936523
-153 0.0135498046875
-155 0.015043497085571289
-156 0.014987468719482422
-158 0.014968633651733398
-159 0.014971017837524414
-161 0.015262603759765625
-162 0.014892101287841797
-164 0.014882087707519531
-165 0.014979839324951172
-166 0.01505732536315918
-167 0.014951467514038086
-167 0.015243053436279297
-168 0.014755964279174805
-168 0.01567983627319336
-169 0.029280662536621094
-169 0.04502725601196289
-169 0.0750579833984375
-164 0.0149688720703125
-159 0.015232324600219727
-155 0.014779090881347656
-150 0.01500391960144043
-122 0.014983654022216797
-122 0.015080928802490234
-122 0.014897584915161133
-600 0.01619410514831543
-121 0.0008690357208251953
-602 0.012947559356689453
-121 0.0004496574401855469
-603 0.014879465103149414
-604 0.014668703079223633
-120 0.00046253204345703125
-605 0.014563560485839844
-605 0.014944791793823242
-120 0.0005671977996826172
-606 0.014820098876953125
-607 0.014856815338134766
-119 0.0006098747253417969
-607 0.029212236404418945
-119 0.0004980564117431641
-608 0.02948141098022461
-608 0.014982461929321289
-118 0.00047898292541503906
-609 0.014525175094604492
-117 0.0004851818084716797
-611 0.014559030532836914
-117 0.00048232078552246094
-612 0.01470637321472168
-116 0.0006937980651855469
-615 0.014112234115600586
-115 0.0004711151123046875
-615 0.014525651931762695
-113 0.0004813671112060547
-617 0.014502525329589844
-112 0.00043654441833496094
-618 0.014547586441040039
-112 0.0004265308380126953
-619 0.014564037322998047
-111 0.00043010711669921875
-620 0.014562845230102539
-110 0.0004284381866455078
-621 0.01514124870300293
-109 0.0009090900421142578
-621 0.01365041732788086
-108 0.00045180320739746094
-622 0.014403581619262695
-107 0.00044083595275878906
-622 0.014572620391845703
-107 0.0004487037658691406
-106 0.014671802520751953
-107 0.030073881149291992
-621 0.014837026596069336
-108 0.0004520416259765625
-619 0.014608621597290039
-109 0.00043702125549316406
-618 0.014448165893554688
-111 0.00042939186096191406
-615 0.01461172103881836
-114 0.0005502700805664062
-612 0.014420270919799805
-118 0.0004971027374267578
-609 0.014778614044189453
-122 0.0006029605865478516
-606 0.014116525650024414
-125 0.00048041343688964844
-603 0.014590263366699219
-128 0.0004551410675048828
-601 0.014514446258544922
-131 0.000476837158203125
-600 0.014566659927368164
-134 0.00051116943359375
-600 0.014432907104492188
-135 0.0004696846008300781
-137 0.014619112014770508
-138 0.014958381652832031
-138 0.015061616897583008
-139 0.014931678771972656
-653 0.014968395233154297
-142 0.000518798828125
-700 0.01446986198425293
-146 0.00046253204345703125
-737 0.014679193496704102
-149 0.0004649162292480469
-775 0.014471292495727539
-152 0.0005846023559570312
-800 0.014408349990844727
-151 0.014964103698730469
-151 0.014989376068115234
-150 0.029952049255371094
-150 0.030023813247680664
-150 0.04504847526550293
-149 0.0899507999420166
-149 0.06025981903076172
-148 0.01965618133544922
-145 0.010091543197631836
-145 0.015032291412353516
-144 0.014999866485595703
-144 0.01495981216430664
-143 0.015052556991577148
-143 0.015264749526977539
-142 0.02968120574951172
-142 0.045022010803222656
-141 0.04501652717590332
-135 0.01497793197631836
-783 0.014984130859375
-106 0.0004532337188720703
-781 0.014611482620239258
-105 0.0006957054138183594
-777 0.014386892318725586
-102 0.0006153583526611328
-774 0.014286041259765625
-100 0.0006206035614013672
-771 0.014383077621459961
-100 0.0004811286926269531
-768 0.014491796493530273
-766 0.015022754669189453
-763 0.014972448348999023
-759 0.015068292617797852
-754 0.014960527420043945
-750 0.015035390853881836
-745 0.014966249465942383
-741 0.014954090118408203
-738 0.014982223510742188
-735 0.015088081359863281
-732 0.014949798583984375
-731 0.015239477157592773
-729 0.014747142791748047
-728 0.015330314636230469
-727 0.01471400260925293
-727 0.014983177185058594
-726 0.014982461929321289
-725 0.015084266662597656
-722 0.015005350112915039
-717 0.014932394027709961
-700 0.014996767044067383
-143 0.015050411224365234
-147 0.014970541000366211
-175 0.014946937561035156
-200 0.015683889389038086
