-700 0.001535177230834961
-200 0.00044274330139160156
-200 0.0003151893615722656
-200 0.00017976760864257812
-200 0.00014209747314453125
-200 0.0002789497375488281
-200 0.00016832351684570312
-200 0.00012302398681640625
-701 1.6602287292480469
-244 0.0004715919494628906
-705 0.014691829681396484
-282 0.0004467964172363281
-735 0.014560461044311523
-300 0.0005121231079101562
-735 0.014503717422485352
-736 0.014993906021118164
-737 0.014970064163208008
-737 0.015033483505249023
-738 0.029999971389770508
-738 0.030211210250854492
-739 0.044797420501708984
-739 0.18000221252441406
-739 1.1099028587341309
-734 0.015082120895385742
-276 0.0005128383636474609
-705 0.014504671096801758
-248 0.0004754066467285156
-705 0.014461517333984375
-243 0.0004730224609375
-704 0.014584064483642578
-200 0.00045800209045410156
-703 0.014535665512084961
-702 0.014926910400390625
-701 0.015691518783569336
-701 0.014384746551513672
-700 0.03000044822692871
-700 0.029981374740600586
-700 0.05994677543640137
-675 0.8549041748046875
-641 0.015179157257080078
-609 0.014904975891113281
-604 0.015088081359863281
-203 0.00042700767517089844
-600 0.014488935470581055
-207 0.00042700767517089844
-210 0.014545440673828125
-212 0.015128135681152344
-213 0.015160322189331055
-216 0.014827489852905273
-217 0.014930248260498047
-218 0.014985322952270508
-218 0.015095233917236328
-219 0.014940500259399414
-220 0.015080690383911133
-220 0.014996051788330078
-221 0.029985904693603516
-221 0.059938907623291016
-220 0.015068769454956055
-219 0.014912128448486328
-218 0.015089035034179688
-217 0.01502680778503418
-216 0.014961004257202148
-214 0.014931201934814453
-213 0.015079259872436523
-210 0.014984607696533203
-208 0.014913558959960938
-207 0.015167713165283203
-204 0.014981508255004883
-204 0.014847755432128906
-203 0.014992475509643555
-202 0.014997720718383789
-201 0.014993906021118164
-201 0.015015125274658203
-200 0.015145301818847656
-200 0.02993488311767578
-200 0.02990412712097168
-190 0.12002396583557129
-187 0.014994621276855469
-158 0.015017271041870117
-154 0.014976263046264648
-116 0.014989614486694336
-644 0.015155315399169922
-112 0.0006189346313476562
-689 0.014511823654174805
-100 0.0009615421295166016
-706 0.013783693313598633
-708 0.014966964721679688
-709 0.015130996704101562
-711 0.014899969100952148
-712 0.015012741088867188
-713 0.015055656433105469
-715 0.014940500259399414
-718 0.01509857177734375
-721 0.0149078369140625
-723 0.014966726303100586
-725 0.014993906021118164
-726 0.01502370834350586
-728 0.01499032974243164
-729 0.015248298645019531
-730 0.014859676361083984
-730 0.014991998672485352
-731 0.01500248908996582
-732 0.014911413192749023
-732 0.029970169067382812
-733 0.030007362365722656
-733 0.04510951042175293
-731 0.20990729331970215
-726 0.01508641242980957
-700 0.015003204345703125
-693 0.02988886833190918
-689 0.01502847671508789
-656 0.015124797821044922
-654 0.014804363250732422
-650 0.015209674835205078
-621 0.015011310577392578
-128 0.0005071163177490234
-618 0.014425516128540039
-615 0.014885902404785156
-129 0.0004763603210449219
-611 0.014537334442138672
-131 0.0005314350128173828
-607 0.014523983001708984
-132 0.0004801750183105469
-604 0.014566898345947266
-136 0.0004572868347167969
-602 0.0160825252532959
-138 0.0006706714630126953
-600 0.01315927505493164
-142 0.0005643367767333984
-145 0.013994216918945312
-149 0.014975786209106445
-153 0.01501321792602539
-157 0.014995098114013672
-161 0.014995574951171875
-164 0.0157928466796875
-167 0.01424098014831543
-171 0.014999628067016602
-174 0.015033721923828125
-178 0.014969348907470703
-183 0.014993906021118164
-200 0.01500558853149414
-202 0.13496732711791992
-207 0.018701791763305664
-212 0.011410951614379883
-242 0.01489114761352539
-242 0.015000104904174805
-245 0.01500558853149414
-248 0.014997720718383789
-252 0.014991998672485352
-255 0.014988422393798828
-258 0.015318155288696289
-263 0.014682292938232422
-268 0.015002012252807617
-297 0.014995813369750977
-601 0.014980316162109375
-297 0.0004723072052001953
-606 0.014520645141601562
-300 0.0004730224609375
-634 0.014533281326293945
-635 0.0600583553314209
-637 0.014991283416748047
-639 0.014998435974121094
-640 0.01497650146484375
-643 0.015085458755493164
-643 0.015043973922729492
-644 0.014897823333740234
-645 0.014995098114013672
-648 0.015027761459350586
-648 0.014968633651733398
-651 0.015049219131469727
-653 0.015085697174072266
-656 0.014862537384033203
-656 0.015038251876831055
-659 0.014982938766479492
-660 0.01497960090637207
-661 0.015015125274658203
-661 0.014976024627685547
-662 0.014986515045166016
-663 0.01502084732055664
-664 0.015349388122558594
-664 0.014992713928222656
-664 0.029638051986694336
-665 0.029996871948242188
-665 0.06016898155212402
-666 0.6898741722106934
-667 0.015016794204711914
-670 0.014976978302001953
-672 0.015005350112915039
-675 0.015021324157714844
-679 0.014962911605834961
-684 0.015053272247314453
-689 0.01531839370727539
-700 0.014635324478149414
-701 0.15003561973571777
-702 0.01495051383972168
-702 0.01504063606262207
-703 0.015002012252807617
-704 0.014991283416748047
-704 0.01497507095336914
-705 0.015017509460449219
-705 0.03001856803894043
-706 0.02996993064880371
-706 0.06001543998718262
-707 0.19497203826904297
-707 0.2850332260131836
-708 0.02999114990234375
-708 0.014982223510742188
-704 0.015022516250610352
-255 0.0004544258117675781
-701 0.014502525329589844
-200 0.0004410743713378906
-700 0.014745235443115234
-700 0.015076398849487305
-701 0.9746999740600586
-702 0.015104055404663086
-201 0.0004775524139404297
-705 0.014444112777709961
-206 0.0004994869232177734
-707 0.014521360397338867
-210 0.0004634857177734375
-710 0.014552593231201172
-214 0.0004906654357910156
-712 0.014473676681518555
-218 0.0004253387451171875
-714 0.014664888381958008
-221 0.005263805389404297
-716 0.009790182113647461
-225 0.0006568431854248047
-719 0.014208555221557617
-229 0.00044155120849609375
-721 0.014550447463989258
-232 0.00042247772216796875
-723 0.014578104019165039
-236 0.00042438507080078125
-724 0.014574050903320312
-239 0.0004477500915527344
-727 0.01456594467163086
-242 0.00043773651123046875
-728 0.014560461044311523
-245 0.0004410743713378906
-729 0.014721870422363281
-247 0.0006394386291503906
-730 0.014208555221557617
-248 0.0004515647888183594
-731 0.014532327651977539
-250 0.00047087669372558594
-731 0.01449894905090332
-251 0.00046062469482421875
-732 0.014612674713134766
-251 0.00047016143798828125
-733 0.01447606086730957
-252 0.0004596710205078125
-253 0.01464080810546875
-733 0.014997482299804688
-253 0.0006275177001953125
-254 0.014309883117675781
-734 0.014950990676879883
-254 0.015028715133666992
-734 0.015018939971923828
-735 0.030321121215820312
-736 0.0297086238861084
-737 0.015151262283325195
-738 0.014836788177490234
-255 0.000469207763671875
-740 0.014534473419189453
-740 0.014946699142456055
-255 0.0004444122314453125
-741 0.014569282531738281
-256 0.0004525184631347656
-742 0.014593124389648438
-256 0.00045037269592285156
-743 0.014525890350341797
-257 0.0004723072052001953
-744 0.014706134796142578
-260 0.0005319118499755859
-744 0.014291763305664062
-260 0.0004658699035644531
-745 0.014564275741577148
-261 0.0004470348358154297
-262 0.014549970626831055
-746 0.014962196350097656
-263 0.0004553794860839844
-264 0.014527082443237305
-746 0.015039205551147461
-264 0.00046515464782714844
-265 0.014555692672729492
-746 0.030776023864746094
-265 0.00047588348388671875
-747 0.043732404708862305
-266 0.0004668235778808594
-747 0.029626846313476562
-748 0.030037879943847656
-748 0.029858827590942383
-749 0.04505205154418945
-266 0.0005950927734375
-749 0.04436302185058594
-750 0.059983015060424805
-267 0.060040950775146484
-267 0.07496356964111328
-267 0.07507920265197754
-268 0.029982805252075195
-269 0.014936447143554688
-269 0.01498270034790039
-270 0.014977693557739258
-271 0.0150146484375
-272 0.015031099319458008
-273 0.014971256256103516
-274 0.015002727508544922
-275 0.015423059463500977
-276 0.014616966247558594
-278 0.015006780624389648
-279 0.014959096908569336
-280 0.014970541000366211
-280 0.015023946762084961
-281 0.015063047409057617
-282 0.015271663665771484
-283 0.01471257209777832
-283 0.015153646469116211
-284 0.029799461364746094
-284 0.02997899055480957
-750 0.33007359504699707
-751 0.014975309371948242
-752 0.015017509460449219
-752 0.014967679977416992
-753 0.015052556991577148
-754 0.014951705932617188
-755 0.015089035034179688
-756 0.014947175979614258
-757 0.015000343322753906
-758 0.014926910400390625
-758 0.015023469924926758
-759 0.01501011848449707
-759 0.030017614364624023
-760 0.04497051239013672
-760 0.10500240325927734
-284 0.30001235008239746
-283 0.015057563781738281
-282 0.014990091323852539
-760 0.015024900436401367
-281 0.0004298686981201172
-759 0.014506816864013672
-279 0.0004482269287109375
-758 0.014540672302246094
-279 0.00042319297790527344
-758 0.014570236206054688
-278 0.00044798851013183594
-757 0.014550924301147461
-277 0.0004410743713378906
-756 0.014608621597290039
-276 0.0004584789276123047
-275 0.01480865478515625
-756 0.014696836471557617
-274 0.00047516822814941406
-274 0.014537811279296875
-756 0.014958620071411133
-273 0.015037059783935547
-273 0.014975309371948242
-753 0.014985799789428711
-272 0.000476837158203125
-751 0.014768362045288086
-268 0.0007090568542480469
-747 0.014077186584472656
-263 0.0005128383636474609
-720 0.014490604400634766
-229 0.0004706382751464844
-717 0.014530658721923828
-225 0.0004975795745849609
-714 0.014553308486938477
-200 0.0004763603210449219
-711 0.014495372772216797
-708 0.014988422393798828
-707 0.015038728713989258
-705 0.015327930450439453
-705 0.014608144760131836
-704 0.014988899230957031
-703 0.015021324157714844
-702 0.01496267318725586
-702 0.015105009078979492
-701 0.014970064163208008
-701 0.029987812042236328
-700 0.044966936111450195
-700 0.10522770881652832
-700 0.5397524833679199
-696 0.14998579025268555
-693 0.015104293823242188
-688 0.01494455337524414
-655 0.014969348907470703
-654 0.015048980712890625
-652 0.014945507049560547
-200 0.0004324913024902344
-651 0.014712810516357422
-201 0.0005309581756591797
-648 0.014433145523071289
-201 0.0005686283111572266
-645 0.01468038558959961
-202 0.0005872249603271484
-642 0.014078140258789062
-203 0.00047206878662109375
-639 0.01455068588256836
-204 0.0004761219024658203
-637 0.014604806900024414
-205 0.00043201446533203125
-636 0.01444697380065918
-205 0.0004813671112060547
-633 0.014727115631103516
-632 0.015028238296508789
-206 0.0005702972412109375
-631 0.014206409454345703
-631 0.014971017837524414
-630 0.015029668807983398
-206 0.0004665851593017578
-629 0.01451873779296875
-629 0.014993906021118164
-628 0.030029773712158203
-628 0.04501199722290039
-627 0.08997392654418945
-207 0.600048303604126
-207 0.015076637268066406
-207 0.014893770217895508
-208 0.014996767044067383
-629 0.015011072158813477
-211 0.0004649162292480469
-630 0.014497995376586914
-212 0.0004520416259765625
-633 0.014611005783081055
-215 0.0005204677581787109
-634 0.01470184326171875
-216 0.0005209445953369141
-635 0.014456510543823242
-219 0.0005447864532470703
-636 0.014249086380004883
-219 0.0005576610565185547
-637 0.01439666748046875
-220 0.0004451274871826172
-638 0.014589786529541016
-221 0.0004620552062988281
-638 0.014496803283691406
-222 0.0004153251647949219
-639 0.014720439910888672
-222 0.0005328655242919922
-222 0.014396905899047852
-639 0.014942646026611328
-223 0.015009164810180664
-640 0.0152130126953125
-224 0.029778242111206055
-640 0.045076847076416016
-224 0.07505321502685547
-225 0.02994513511657715
-226 0.014951705932617188
-228 0.015007734298706055
-230 0.014986991882324219
-233 0.015102386474609375
-237 0.014899969100952148
-240 0.015047311782836914
-244 0.014981508255004883
-247 0.014959335327148438
-249 0.014969825744628906
-250 0.015048027038574219
-253 0.015007734298706055
-254 0.015021085739135742
-255 0.014982938766479492
-256 0.015062093734741211
-256 0.014904022216796875
-257 0.01511240005493164
-257 0.029906511306762695
-257 0.10503125190734863
-256 0.014963626861572266
-255 0.01523280143737793
-254 0.014967918395996094
-253 0.014983177185058594
-253 0.014814138412475586
-252 0.01499319076538086
-641 0.015000343322753906
-251 0.0004975795745849609
-251 0.014501333236694336
-641 0.014991283416748047
-250 0.015257120132446289
-642 0.014814615249633789
-250 0.01498723030090332
-642 0.015001535415649414
-249 0.029944181442260742
-643 0.030012845993041992
-249 0.030112743377685547
-248 0.08986973762512207
-248 0.15009570121765137
-643 1.1699144840240479
-247 0.014962911605834961
-644 0.015031576156616211
-645 0.015007972717285156
-645 0.015014410018920898
-247 0.0004372596740722656
-646 0.014541149139404297
-247 0.015145301818847656
-646 0.014913797378540039
-647 0.029938459396362305
-246 0.0004572868347167969
-647 0.029514074325561523
-245 0.00043392181396484375
-648 0.014574289321899414
-243 0.0004305839538574219
-648 0.01468348503112793
-242 0.0004949569702148438
-649 0.014467716217041016
-239 0.0005640983581542969
-650 0.014426231384277344
-238 0.0004889965057373047
-653 0.01451730728149414
-235 0.0004448890686035156
-654 0.01450347900390625
-234 0.0004410743713378906
-657 0.014628887176513672
-232 0.00047397613525390625
-658 0.014436721801757812
-231 0.0004570484161376953
-661 0.01456594467163086
-230 0.0005004405975341797
-662 0.014681577682495117
-228 0.0005259513854980469
-665 0.014354467391967773
-227 0.00044798851013183594
-666 0.014493942260742188
-226 0.0004773139953613281
-669 0.01452493667602539
-224 0.0004677772521972656
-670 0.014545202255249023
-224 0.0004875659942626953
-672 0.014487981796264648
-223 0.00045990943908691406
-673 0.014544963836669922
-222 0.0005867481231689453
-676 0.014816522598266602
-222 0.0005261898040771484
-677 0.014470100402832031
-221 0.0007185935974121094
-679 0.013870477676391602
-220 0.00047969818115234375
-680 0.01451420783996582
-220 0.0005238056182861328
-682 0.014505147933959961
-219 0.0004982948303222656
-683 0.014476299285888672
-218 0.0004305839538574219
-684 0.014568090438842773
-218 0.00048613548278808594
-686 0.01461029052734375
-217 0.0004813671112060547
-687 0.014469623565673828
-217 0.0004677772521972656
-689 0.014526844024658203
-216 0.0005075931549072266
-689 0.014561891555786133
-215 0.00417780876159668
-692 0.011157989501953125
-214 0.0005018711090087891
-693 0.014065265655517578
-214 0.00046944618225097656
-696 0.014519929885864258
-213 0.0004711151123046875
-697 0.014515876770019531
-212 0.0005755424499511719
-699 0.014425516128540039
-211 0.0004336833953857422
-700 0.014684915542602539
-210 0.0005369186401367188
-210 0.014444112777709961
-209 0.014963150024414062
-208 0.015020132064819336
-208 0.014992475509643555
-208 0.01499032974243164
-207 0.029976844787597656
-206 0.044980764389038086
-206 0.09059500694274902
-206 0.1644442081451416
-205 0.1049795150756836
-205 0.014994382858276367
-204 0.014996528625488281
-203 0.014995336532592773
-202 0.015275001525878906
-201 0.014779806137084961
-200 0.0149383544921875
-701 0.12002110481262207
-705 0.015003681182861328
-711 0.01498556137084961
-716 0.01515650749206543
-744 0.01486968994140625
-745 0.014994144439697266
-748 0.014991521835327148
-751 0.01500844955444336
-755 0.014991998672485352
-759 0.01500082015991211
-763 0.015138626098632812
-767 0.014878988265991211
-771 0.015002727508544922
-775 0.014995098114013672
-780 0.01508784294128418
-800 0.014874458312988281
-199 0.3299574851989746
-165 0.015105724334716797
-162 0.014943599700927734
-157 0.015006780624389648
-114 0.015026092529296875
-772 0.01497793197631836
-111 0.0004801750183105469
-772 0.014555692672729492
-108 0.0005948543548583984
-772 0.014396429061889648
-106 0.0004398822784423828
-771 0.014543533325195312
-105 0.00048279762268066406
-103 0.014556646347045898
-771 0.014971733093261719
-102 0.0005095005035400391
-102 0.014461278915405273
-770 0.014993906021118164
-101 0.00047469139099121094
-100 0.014624834060668945
-100 0.014930009841918945
-770 0.014957427978515625
-769 0.0903160572052002
-769 0.10471224784851074
-772 0.01514291763305664
-774 0.014912605285644531
-102 0.0005266666412353516
-777 0.01443028450012207
-104 0.0006210803985595703
-779 0.014369726181030273
-105 0.0004482269287109375
-781 0.014559030532836914
-107 0.0004475116729736328
-782 0.014564275741577148
-108 0.0004985332489013672
-785 0.014467000961303711
-109 0.0004355907440185547
-786 0.014879703521728516
-110 0.0008547306060791016
-786 0.013919353485107422
-111 0.0005033016204833984
-787 0.014398813247680664
-111 0.0004496574401855469
-788 0.014541387557983398
-112 0.00043964385986328125
-789 0.01458740234375
-789 0.014983892440795898
-112 0.00048065185546875
-790 0.02954840660095215
-113 0.0005145072937011719
-791 0.029582977294921875
-113 0.0005140304565429688
-792 0.01440882682800293
-114 0.0005171298980712891
-793 0.014447927474975586
-115 0.0004925727844238281
-794 0.014480113983154297
-116 0.00046324729919433594
-795 0.014566659927368164
-118 0.00047707557678222656
-796 0.014520406723022461
-119 0.0004489421844482422
-796 0.014574289321899414
-121 0.00045371055603027344
-797 0.014825820922851562
-122 0.0005092620849609375
-798 0.014380693435668945
-124 0.0006890296936035156
-799 0.014127731323242188
-125 0.0004544258117675781
-800 0.014524221420288086
-126 0.00048470497131347656
-127 0.014504671096801758
-128 0.0150146484375
-128 0.014966249465942383
-129 0.015058040618896484
-130 0.01504373550415039
-130 0.015158414840698242
-131 0.02974557876586914
-131 0.03007221221923828
-131 0.059952735900878906
-132 0.1499953269958496
-133 0.6300148963928223
-135 0.015058279037475586
-136 0.014963865280151367
-139 0.015017986297607422
-140 0.015159368515014648
-144 0.014823436737060547
-148 0.015097856521606445
-152 0.01490330696105957
-157 0.014971494674682617
-184 0.015006542205810547
-773 0.07503890991210938
-772 0.014988183975219727
-742 0.015005826950073242
-185 0.0004417896270751953
-700 0.014529943466186523
-200 0.00046443939208984375
-701 0.5394883155822754
-704 0.015095710754394531
-225 0.0005352497100830078
-707 0.014412403106689453
-227 0.00046634674072265625
-712 0.014540433883666992
-232 0.0004715919494628906
-740 0.014584541320800781
-269 0.0004305839538574219
-741 0.01449728012084961
-272 0.0004405975341796875
-743 0.014751434326171875
-277 0.0005469322204589844
-745 0.014260053634643555
-300 0.0004868507385253906
-748 0.01473093032836914
-751 0.014798164367675781
-752 0.01500248908996582
-754 0.015026569366455078
-755 0.014950990676879883
-756 0.014997482299804688
-756 0.01500391960144043
-757 0.015034914016723633
-758 0.01634359359741211
-758 0.01367950439453125
-759 0.029987096786499023
-759 0.044985294342041016
-759 0.10501313209533691
-759 1.3800063133239746
-754 0.014991044998168945
-707 0.015037059783935547
-700 0.014961719512939453
-663 0.015012502670288086
-659 0.014957427978515625
-655 0.015281200408935547
-626 0.01486659049987793
-626 0.029842138290405273
-626 0.015006780624389648
-625 0.015030860900878906
-624 0.014969825744628906
-623 0.015088796615600586
-621 0.015020132064819336
-620 0.015029430389404297
-619 0.014856815338134766
-618 0.015017032623291016
-298 0.00048470497131347656
-616 0.014520645141601562
-297 0.0004668235778808594
-616 0.014516353607177734
-295 0.0005757808685302734
-615 0.014526844024658203
-294 0.0005233287811279297
-614 0.014419317245483398
-293 0.0004987716674804688
-614 0.014542818069458008
-292 0.00047397613525390625
-613 0.014444112777709961
-292 0.00044727325439453125
-291 0.0145416259765625
-613 0.015022516250610352
-291 0.0005004405975341797
-290 0.029911518096923828
-612 0.014638185501098633
-290 0.014946937561035156
-289 0.060036659240722656
-612 0.059980154037475586
-611 0.09002518653869629
-289 0.000530242919921875
-611 0.014441967010498047
-610 0.01498556137084961
-288 0.00047469139099121094
-610 0.014611482620239258
-287 0.0004558563232421875
-609 0.014461040496826172
-287 0.00044846534729003906
-608 0.014518976211547852
-286 0.0005221366882324219
-608 0.014676094055175781
-285 0.0005474090576171875
-607 0.01431894302368164
-284 0.0004582405090332031
-606 0.014487266540527344
-282 0.0004322528839111328
-606 0.014577865600585938
-281 0.0004425048828125
-605 0.014561653137207031
-279 0.0004811286926269531
-604 0.014527559280395508
-278 0.00043082237243652344
-601 0.014589071273803711
-277 0.0004582405090332031
-601 0.014673948287963867
-275 0.0005810260772705078
-600 0.014627695083618164
-274 0.0004925727844238281
-270 0.014229536056518555
-266 0.014982223510742188
-264 0.014925003051757812
-261 0.014976978302001953
-261 0.015257596969604492
-258 0.014838457107543945
-258 0.014925241470336914
-257 0.01501321792602539
-256 0.01505899429321289
-256 0.0149078369140625
-255 0.015003681182861328
-255 0.014999866485595703
-254 0.029983997344970703
-254 0.04510927200317383
-254 0.34487390518188477
-254 0.0301055908203125
-255 0.014966487884521484
-255 0.03005051612854004
-256 0.029978036880493164
-257 0.03008723258972168
-257 0.029865503311157227
-257 0.03014659881591797
-258 0.04488110542297363
-258 0.06027817726135254
-256 0.44964003562927246
-252 0.015103340148925781
-249 0.014970064163208008
-245 0.014969825744628906
-242 0.015025854110717773
-240 0.014980077743530273
-237 0.015039682388305664
-234 0.015032052993774414
-231 0.014986276626586914
-227 0.014919757843017578
-200 0.01502084732055664
-185 0.04541945457458496
-181 0.014635562896728516
-152 0.015080928802490234
-150 0.014954328536987305
-147 0.014960050582885742
-144 0.014975309371948242
-140 0.015010356903076172
-136 0.01498556137084961
-133 0.014960527420043945
-602 0.015244245529174805
-129 0.0005562305450439453
-604 0.01453089714050293
-126 0.0006191730499267578
-606 0.014089584350585938
-124 0.0004947185516357422
-609 0.014481067657470703
-121 0.0004372596740722656
-611 0.014588356018066406
-119 0.0004723072052001953
-613 0.014695167541503906
-117 0.0004570484161376953
-614 0.014322996139526367
-116 0.00042438507080078125
-616 0.014661788940429688
-114 0.005230903625488281
-617 0.009722709655761719
-113 0.0005931854248046875
-618 0.014478206634521484
-112 0.0004961490631103516
-619 0.014426231384277344
-111 0.0004420280456542969
-619 0.014556169509887695
-110 0.0004315376281738281
-620 0.014575481414794922
-109 0.0004622936248779297
-621 0.014495372772216797
-109 0.0004780292510986328
-109 0.014616966247558594
-621 0.0150604248046875
-108 0.015358448028564453
-622 0.014618635177612305
-107 0.014908313751220703
-622 0.030014753341674805
-107 0.030534029006958008
-622 0.11948800086975098
-107 0.20989418029785156
-106 0.34504246711730957
-625 0.015060901641845703
-105 0.0004825592041015625
-628 0.014436721801757812
-103 0.00046944618225097656
-631 0.014586925506591797
-101 0.00048232078552246094
-664 0.014494657516479492
-100 0.0004448890686035156
-669 0.014596700668334961
-700 0.015093803405761719
-709 0.014881134033203125
-714 0.01499319076538086
-719 0.014997243881225586
-724 0.014976739883422852
-753 0.015031576156616211
-755 0.014996528625488281
-759 0.015171527862548828
-763 0.014877557754516602
-791 0.014964103698730469
-792 0.014990568161010742
-102 0.00045609474182128906
-796 0.014578580856323242
-132 0.0005078315734863281
-798 0.014494895935058594
-132 0.0005316734313964844
-800 0.014455318450927734
-133 0.0004787445068359375
-136 0.014545440673828125
-138 0.015357732772827148
-141 0.014554738998413086
-144 0.015015840530395508
-147 0.015001058578491211
-150 0.01500248908996582
-152 0.015188455581665039
-153 0.014861583709716797
-156 0.015055656433105469
-156 0.014919519424438477
-157 0.015050888061523438
-158 0.014952898025512695
-159 0.014978885650634766
-159 0.015152215957641602
-160 0.014879226684570312
-160 0.030000925064086914
-161 0.02995610237121582
-161 0.06014060974121094
-161 0.08988809585571289
-162 0.03020787239074707
-163 0.01508951187133789
-163 0.014712810516357422
-164 0.01498103141784668
-164 0.015073299407958984
-164 0.014908790588378906
-165 0.030031204223632812
-166 0.04503130912780762
-165 0.09004950523376465
-162 0.014943599700927734
-159 0.014989137649536133
-156 0.015101432800292969
-153 0.015017271041870117
-150 0.015082359313964844
-146 0.014806270599365234
-143 0.015021562576293945
-138 0.01499795913696289
-134 0.014957427978515625
-130 0.015528440475463867
-127 0.014770030975341797
-799 0.014775514602661133
-124 0.0006186962127685547
-799 0.014496088027954102
-122 0.0005159378051757812
-796 0.014526128768920898
-121 0.0005443096160888672
-795 0.014286518096923828
-119 0.0005393028259277344
-795 0.014449119567871094
-118 0.0006372928619384766
-792 0.014301776885986328
-116 0.0004398822784423828
-792 0.014583349227905273
-115 0.0004432201385498047
-789 0.014523506164550781
-111 0.00043582916259765625
-786 0.014625072479248047
-109 0.00043773651123046875
-783 0.014589309692382812
-106 0.0005822181701660156
-780 0.014345407485961914
-105 0.0005652904510498047
-778 0.014701128005981445
-103 0.0009624958038330078
-777 0.013807535171508789
-102 0.00044035911560058594
-774 0.014506340026855469
-100 0.0004630088806152344
-773 0.014525651931762695
-100 0.0004658699035644531
-772 0.014574289321899414
-771 0.015044450759887695
-770 0.01522970199584961
-769 0.014757394790649414
-769 0.01498556137084961
-768 0.01514887809753418
-768 0.01483297348022461
-767 0.030012130737304688
-767 0.029978275299072266
-766 0.06001472473144531
-767 0.34495043754577637
-767 0.04508519172668457
-767 0.06000661849975586
-768 0.07507705688476562
-767 0.1498861312866211
-737 0.015008211135864258
-733 0.015021324157714844
-700 0.014988422393798828
-679 0.029998779296875
-675 0.015119314193725586
-645 0.015104293823242188
-644 0.014798164367675781
-640 0.01501154899597168
-103 0.0004611015319824219
-635 0.014506340026855469
-106 0.0005617141723632812
-631 0.014407873153686523
-108 0.00044465065002441406
-626 0.014575481414794922
-110 0.0004475116729736328
-623 0.015580415725708008
-111 0.0005409717559814453
-620 0.013514518737792969
-114 0.00048351287841796875
-617 0.014397859573364258
-117 0.00046133995056152344
-612 0.014564990997314453
-121 0.0004725456237792969
-608 0.014542818069458008
-149 0.0004506111145019531
-604 0.014525175094604492
-151 0.00041294097900390625
-600 0.014561176300048828
-154 0.0004596710205078125
-600 0.014687538146972656
-158 0.0006206035614013672
-161 0.014290809631347656
-164 0.015021800994873047
-166 0.014934301376342773
-168 0.015012025833129883
-171 0.014968395233154297
-174 0.015043497085571289
-177 0.01509857177734375
-179 0.014957666397094727
-182 0.014960050582885742
-183 0.015006542205810547
-185 0.014971017837524414
-186 0.01498270034790039
-187 0.014982461929321289
-188 0.015141487121582031
-189 0.014895439147949219
-189 0.015442132949829102
-190 0.014653921127319336
-191 0.02985072135925293
-191 0.030071020126342773
-191 0.04502701759338379
-192 0.029989242553710938
-193 0.014994144439697266
-193 0.014983415603637695
-194 0.014997482299804688
-194 0.015084266662597656
-195 0.029883861541748047
-194 0.06008195877075195
-191 0.015003442764282227
-186 0.015028715133666992
-181 0.014938592910766602
-149 0.014980077743530273
-148 0.014985322952270508
-601 0.015083789825439453
-145 0.0004718303680419922
-601 0.014801979064941406
-142 0.0007266998291015625
-602 0.013927936553955078
-137 0.0004756450653076172
-604 0.01450800895690918
-133 0.0004286766052246094
-605 0.014585494995117188
-129 0.0004417896270751953
-606 0.014551401138305664
-126 0.000446319580078125
-607 0.014523506164550781
-124 0.0004904270172119141
-608 0.014600515365600586
-123 0.0005090236663818359
-609 0.014608383178710938
-120 0.001468658447265625
-610 0.013344049453735352
-119 0.0004622936248779297
-611 0.01456594467163086
-119 0.0004673004150390625
-612 0.014540672302246094
-118 0.00046062469482421875
-614 0.014555215835571289
-117 0.0004477500915527344
-614 0.01449894905090332
-116 0.0004622936248779297
-615 0.01858830451965332
-115 0.0005359649658203125
-615 0.010483503341674805
-115 0.0005283355712890625
-616 0.014456033706665039
-114 0.014972925186157227
-617 0.014969587326049805
-114 0.015046119689941406
-617 0.015007495880126953
-113 0.029924869537353516
-618 0.030055522918701172
-618 0.015018939971923828
-113 0.0005018711090087891
-619 0.01444864273071289
-112 0.0004513263702392578
-620 0.014542818069458008
-109 0.0004425048828125
-623 0.014632225036621094
-108 0.0004222393035888672
-626 0.014501571655273438
-105 0.0004239082336425781
-629 0.01458430290222168
-104 0.0004379749298095703
-633 0.014717340469360352
-101 0.0007081031799316406
-660 0.01421046257019043
-100 0.000492095947265625
-664 0.014437198638916016
-698 0.015015840530395508
-700 0.014993429183959961
-717 0.015005350112915039
-722 0.015000343322753906
-763 0.015300750732421875
-763 0.01469111442565918
-768 0.015015840530395508
-800 0.014959573745727539
-122 0.00043392181396484375
-126 0.014591455459594727
-130 0.01508641242980957
-163 0.014983654022216797
-166 0.014955759048461914
-193 0.015145301818847656
-197 0.01479649543762207
-200 0.015038728713989258
-200 0.029999971389770508
-204 0.015274286270141602
-207 0.01476740837097168
-211 0.014931678771972656
-214 0.014991044998168945
-216 0.01502847671508789
-218 0.014994621276855469
-219 0.01494598388671875
-222 0.01509237289428711
-222 0.01496577262878418
-223 0.015005826950073242
-224 0.014977693557739258
-221 0.03001713752746582
-216 0.015096664428710938
-200 0.015057802200317383
-797 0.02986884117126465
-176 0.00047206878662109375
-767 0.01458597183227539
-173 0.0005130767822265625
-763 0.014435291290283203
-169 0.0004668235778808594
-732 0.014526844024658203
-141 0.0004668235778808594
-730 0.014487981796264648
-140 0.00043773651123046875
-727 0.01464700698852539
-138 0.0004730224609375
-723 0.014411687850952148
-135 0.0004153251647949219
-720 0.014691829681396484
-133 0.0005571842193603516
-718 0.014468908309936523
-132 0.00045228004455566406
-717 0.014559745788574219
-130 0.0005500316619873047
-715 0.014368295669555664
-129 0.00044727325439453125
-714 0.014518499374389648
-713 0.01499629020690918
-130 0.00043463706970214844
-711 0.014630794525146484
-133 0.0004935264587402344
-708 0.014668941497802734
-136 0.0006198883056640625
-705 0.014185667037963867
-141 0.00045561790466308594
-702 0.014516353607177734
-146 0.0005199909210205078
-700 0.014533758163452148
-150 0.0004572868347167969
-700 0.014518976211547852
-154 0.00045180320739746094
-156 0.014521360397338867
-157 0.015011787414550781
-158 0.015190601348876953
-693 0.014813423156738281
-158 0.00046133995056152344
-691 0.014536142349243164
-153 0.000545501708984375
-687 0.014450311660766602
-116 0.0005240440368652344
-657 0.014542341232299805
-112 0.0004734992980957031
-656 0.014434814453125
-108 0.0004932880401611328
-655 0.014819860458374023
-105 0.0004875659942626953
-654 0.014293670654296875
-102 0.0004680156707763672
-654 0.014676809310913086
-100 0.0005128383636474609
-653 0.014304637908935547
-100 0.00044655799865722656
-652 0.014481306076049805
-652 0.030086278915405273
-652 0.030004501342773438
-655 0.04497790336608887
-686 0.014957189559936523
-132 0.0004355907440185547
-687 0.014566898345947266
-164 0.0004169940948486328
-692 0.014801025390625
-198 0.0011322498321533203
-703 0.013713598251342773
-200 0.0004687309265136719
